94.0472406284527
94.0318992669748
94.0185504682363
94.0089045167347
94.0026209047219
94.0026526204464
94.0009691845456
93.9996964730665
94.0009332834618
94.0040622865805
94.0084622751151
94.0142988784807
94.0201671499986
94.0219459792169
94.0217703513345
94.018584551479
94.0118387944329
94.0012794451752
93.9876956648239
93.974178437097
93.9797828374115
93.9893848787988
94.0021264779548
94.0170090338652
94.0327253128815
94.0481886273399
94.0625343763383
94.0744337416815
94.0825337508147
94.0878873283641
94.0912212584296
94.0938734212252
94.0969937830111
94.1000927661204
94.1020883646655
94.1023152775772
94.1001367673412
94.0964141542101
94.0917524349152
94.0857931331917
94.0796158849939
94.0734868768422
94.0684082607133
94.0654019627675
94.0635487496577
94.0637985014322
94.06509204589
94.0665582514358
94.0651003730499
94.0592763546127
94.0471412086228
94.0319947483436
94.0236125711793
94.0119348054254
94.0001605985446
93.9906180719966
93.9862860363444
93.9865915562161
93.9908745083207
93.9968410769687
94.0031435890787
94.0084152077428
94.0108729091315
94.0083067913205
94.0024870363036
93.9951454896575
93.9886595702716
93.9863338411073
93.9862207291787
93.9901611448835
93.9970346625852
94.0029918101364
94.0063569759442
94.005248887542
94.00110178552
93.996084273047
93.9931794552103
93.9928362853303
93.9969298609199
94.0024122100556
94.0097633262422
94.0174039140451
94.0237065884759
94.0272529975973
94.029435925955
94.0302726746042
94.0311586084377
94.0303061778135
94.0283595026598
94.024944543851
94.0201648044462
94.0145270670971
94.0093402887608
94.0056653446638
94.0043369677697
94.0046692269001
94.0051627598732
94.0041325601522
93.9999270411043
93.9944161276704
93.9879964957455
93.9832931027916
93.9838813415581
93.9862872715974
93.9910450910352
93.9983977564945
94.0064446836793
94.0120015306312
94.0129599436468
94.0080770923218
93.9970383559828
93.9819584870521
93.9641719240062
93.9453670741982
93.9288789338288
93.9200898887167
93.9167031048849
93.9169698433632
93.9190158708842
93.9210550469982
93.9242276521548
93.9275699964583
93.9316094980436
93.9354195273875
93.9383733493112
93.9417329708567
93.9453767915445
93.9492777904511
93.9534758687995
93.9628906295071
93.9723996821327
93.9804277111297
93.9875903377092
93.9943025729597
94.0002373738337
94.0041894805213
94.0076009842766
94.0118484709527
94.0176504508823
94.0257237190759
94.0351818661435
94.0453523438729
94.0536326800294
94.0593419109047
94.0621767738531
94.0612939378035
94.0576878344686
94.0510669378912
94.0430745676863
94.0340292073361
94.0261614894897
94.0183003712237
94.0104504785935
93.9999803462122
93.9887427048354
93.9790697659217
93.9742263026025
93.9780453289481
93.9835483050676
93.9913601346282
93.9999059847601
94.0076765069308
94.0134946369662
94.0163335394472
94.0133472554998
94.0090004718833
94.011269809645
94.0143109571643
94.0171596486215
94.0205089240355
94.0246115146358
94.0290113399907
94.0321100282268
94.0333265150511
94.0314468618425
94.0273252614978
94.0215929796802
94.0137963477224
94.0051262954021
93.9951160256673
93.9842027562014
93.9749631360405
93.973969962125
93.9735462505837
93.9745281882658
93.9780531431934
93.9830010197259
93.9884652842015
93.9927633601194
93.9967055002028
93.9997711712775
94.0025706539685
94.0066669229938
94.0098266860331
94.0129855442654
94.0161892189365
94.0197219871879
94.0224327611785
94.021727717079
94.0236748099834
94.0250372383777
94.0259573935851
94.02836296436
94.0348991943255
94.0448547993266
94.0568670093064
94.0700857488858
94.082380784485
94.091968353265
94.0973494593498
94.0988521961874
94.0978455749169
94.0971288659148
94.0964535445329
94.0970645896023
94.0974164190294
94.0984393941759
94.0989205193126
94.0992512571086
94.1005174239323
94.0983145188038
94.0924291615301
94.0854357474392
94.0779796461593
94.0697902275751
94.0611936689521
94.0503013357951
94.0406543843805
94.03199470322
94.0238451548311
94.0163592687562
94.009701745002
94.010509911735
94.0127085832884
94.015934108106
94.0232780714972
94.0294919384107
94.0329785653421
94.0354366361058
94.0358344660475
94.0342054195882
94.0305321937222
94.0245848086144
94.01770272612
94.0116595798746
94.0067626257326
94.0057824231701
94.0128703730514
94.0247021892317
94.0394542251074
94.0550887967699
94.0712749403229
94.0852854074924
94.0957571514238
94.1008604350239
94.1001827450455
94.0938219357609
94.0847894037808
94.0757458968011
94.067977577572
94.0626078833231
94.0642079831685
94.0673617273315
94.0718730016051
94.0767198598142
94.0809382134188
94.0843499036348
94.0869715910277
94.0889125455952
94.090098246584
94.0890787156233
94.0851658688494
94.078987006861
94.0714626145747
94.0638846859127
94.0587041531899
94.0548780267113
94.052902480097
94.0529135075024
94.0534770509647
94.052145871513
94.0491953546063
94.0457762568511
94.0427495508532
94.0400093663589
94.0369812257494
94.0363409266269
94.0349234428768
94.032939253433
94.030390006088
94.0262264187926
94.0201876487398
94.0141452462269
94.0085673601809
94.005010884792
94.0018632225637
93.998164051231
93.992993383374
93.9859341878592
93.9837026307032
93.9857247437073
93.9865054380298
93.985493062787
93.9836724146822
93.9837931887674
93.9883293311552
93.9945795405433
94.0016027934943
94.0087759522383
94.0160068659023
94.0231612864091
94.0338319920366
94.0447467853496
94.0534563698656
94.0588696986489
94.0607248569558
94.0581268606953
94.0507159179611
94.0390588078709
94.0244247554194
94.0086818962527
93.9936174552255
93.9836449202234
93.9806363980252
93.984181375009
93.9879995810792
93.9919961485224
93.9957595171991
93.9974726327914
93.9969625897673
93.9942824666912
93.9898840230514
93.983967713895
93.9773268547294
93.9700833469651
93.963488149607
93.955986926028
93.9481525259338
93.9476572807919
93.9478166307007
93.9487036392974
93.9490913685925
93.9476729225481
93.9480523275027
93.9504260504665
93.9524820318785
93.9540081098239
93.9553036374671
93.9564994401165
93.9581725052319
93.9599705071474
93.9610620668716
93.9595699216048
93.9547735416614
93.9474113393867
93.9386364504152
93.9290897933217
93.9284015968655
93.9299059322798
93.9334915318334
93.9381736732428
93.9428944836594
93.9467278107017
93.9486418177656
93.9483705397309
93.9453893228702
93.9409193013789
93.9366479000028
93.9338928736222
93.9335583595346
93.9364062854531
93.9412464067878
93.9470087207414
93.9513231269248
93.9598166632727
93.972646558397
93.9817412200349
93.989291067372
93.9957184873247
93.9996225494166
94.0013130954379
93.9991096096319
93.993418907171
93.9870269738889
93.9799884860162
93.9752136346979
93.976897716476
93.9830704689424
93.9932098170516
94.0034933602428
94.0138192007778
94.0215180900916
94.0243183087011
94.0236638160715
94.0218451713137
94.0193694850446
94.0174904552063
94.0158154536131
94.014691203523
94.0157877760087
94.0183423979185
94.0229351192679
94.0303742916905
94.045443309727
94.0594632973769
94.0707675892832
94.0783902409891
94.0815569008766
94.0807481005776
94.0758537328686
94.0674933061722
94.0575959088554
94.0485591780303
94.0415664843991
94.0356945654129
94.0314367202081
94.0268825207209
94.0207478145321
94.0148205427843
94.0095371808254
94.0093099808917
94.0116142674989
94.0144103820894
94.0184619518732
94.0226982758678
94.027382460606
94.0303520468788
94.0305435615839
94.0277608746223
94.0249887018474
94.0231407295443
94.0221049181017
94.0256737077778
94.0305321890723
94.0366455123042
94.0430078766424
94.0500066497626
94.0582859753457
94.0651203675323
94.0677824566265
94.0651532229775
94.0562801338176
94.0425785593956
94.0268603483898
94.0107750185433
93.9963850918876
93.9848448598054
93.977396106868
93.9732892305939
93.9799458265478
93.9869268864645
93.9906718797942
93.9918167594891
93.9924471264791
93.9938860879405
93.9958166498483
93.9982217490917
94.0006440731358
94.0021327602439
94.0017514593903
94.0011510310589
94.0019385019476
94.0024297607004
94.0031189190123
94.0048211950089
94.0077200039067
94.009954604419
94.0113217068014
94.0118850418461
94.0195133954704
94.0342592012041
94.0462897912728
94.0551678357835
94.0610766261987
94.0650055253056
94.0667722139377
94.0673764218789
94.0675294735515
94.068951179035
94.0718235443106
94.0747212626236
94.0781110287033
94.0815361864162
94.0855596067768
94.0919172143955
94.0997193058561
94.1083158659627
94.1145000085807
94.1173019809306
94.118696566764
94.122482708667
94.1210979049227
94.116303439888
94.1094801371645
94.102421684949
94.0956709427812
94.0886168753579
94.0817941250414
94.0738589514517
94.065007854215
94.0553125356919
94.0452826441022
94.0360432048114
94.0281058202649
94.0218997912389
94.0172666118322
94.0134558362235
94.0135073898938
94.0195733876684
94.0219459792169
94.0202714147965
94.0130940976187
94.0027058538605
93.9914750147277
93.9814506831432
93.9720186138332
93.964203692687
93.9583351337538
93.9546226149219
93.9522830643979
93.9503301895883
93.9549156543488
93.9617365996692
93.968774121545
93.9760257566249
93.9851651905717
93.9945249821196
94.0044033836137
94.0164352338807
94.0317627828003
94.0497369067282
94.0676084945134
94.0842127789284
94.0967434541971
94.1023152775772
94.1001953490293
94.0901221967882
94.0740038815454
94.0543155630166
94.042345940087
94.0336686052862
94.0284192210624
94.0248639831345
94.0235616888251
94.0233472955296
94.0244001869666
94.026120755899
94.0275333116144
94.0282732041826
94.0285310571005
94.0293217310512
94.0304379646831
94.0319345447892
94.0330965177144
94.0330425386901
94.0307419421965
94.0273293176423
94.021690482042
94.013542314246
94.0104817964105
94.0082488633155
94.005204551187
94.002156434441
93.9989579233892
93.9949404134085
93.9901415304706
93.9887084864728
93.9913082606354
93.9942659093363
93.9968372701797
93.9995021950052
94.002353081519
94.0050292047719
94.0063569759442
94.0058246198326
94.0115778467198
94.0159683627604
94.019704776443
94.0229098526207
94.0262766565144
94.0285918738268
94.0297917106146
94.030284242973
94.0311586084377
94.0305138483464
94.0289019257341
94.0253294973077
94.0213095084723
94.0168419700451
94.0130814047863
94.0101865763608
94.0070653262678
94.0051627598732
94.0034167631189
94.0011715831901
93.9978091515867
93.9941913881137
93.9904243451624
93.9874852326255
93.9907497058394
93.9968959706147
94.0036751784611
94.0091020517177
94.0121000991244
94.0129599436468
94.0109564106569
94.0067243804828
94.0017698066111
93.9957283630208
93.989342815083
93.9828940672809
93.9776443921324
93.9738942121806
93.9697082466826
93.9652897557818
93.9602928331268
93.9542171838428
93.9473429841342
93.9390088464976
93.9376062443887
93.9412213934515
93.9447969184732
93.9486431671886
93.9523578823452
93.955448330317
93.9581250766366
93.9601931139728
93.9619840842896
93.9640158654501
93.966404240862
93.9705674946864
93.9771939016716
93.992206328615
94.0063983720221
94.0190448131905
94.0293063606658
94.0403539761497
94.0500803369349
94.0578417012462
94.0616519786282
94.0621767738531
94.0611608572284
94.0594548759686
94.0554071639254
94.0497102394776
94.0416831567992
94.0326725782038
94.0246887576013
94.0158988924862
94.0069203330694
93.996487985573
93.9868162787761
93.9827254339764
93.9899579286904
93.9972335758456
94.0045017061777
94.0111184019754
94.0154682900802
94.0163335394472
94.0142294575531
94.0103846627596
94.0061366711744
94.0030386373396
94.0013311183495
94.0014836227668
94.0068452397531
94.0157014033606
94.0240260214508
94.0302656789643
94.0333265150511
94.0324289179016
94.0283608357522
94.0225336632326
94.0153733476385
94.0078139181969
94.0013324016
93.9961598629476
93.9920371061244
93.9881647079734
93.9847070559899
93.9812070693987
93.9784350782804
93.9826477328361
93.9890263879153
93.9967921386165
94.0044070045487
94.0110707053925
94.0157523600812
94.0180720861889
94.0193020872583
94.0206173597351
94.0213447273095
94.0219721940066
94.0224327611785
94.0221429421913
94.0215768002413
94.0205397746498
94.0184080157104
94.0177723953039
94.0245934285208
94.0328392094779
94.0428933990345
94.0548107682637
94.0682192301179
94.0800774079786
94.0892211039753
94.0955625414562
94.0988521961874
94.097865749392
94.0989205193126
94.0979316449767
94.0959340280718
94.0954813734106
94.0960529108705
94.0979958598387
94.0993062206145
94.1005174239323
94.1004621282901
94.0986432872317
94.0920305880301
94.0818640638798
94.0695902811856
94.0565853372287
94.0445987069487
94.034168581902
94.02515528129
94.0173427811708
94.0121505202013
94.0092515647565
94.014870086159
94.0180876681198
94.0188972902221
94.0189009352493
94.0219604749451
94.0255539620363
94.0290260170835
94.0314244597176
94.0334322656048
94.0350307685177
94.0358344660475
94.034901367936
94.0432957433258
94.0501877507889
94.0558288484166
94.0631539037232
94.0699259950906
94.0774043104426
94.0841497787235
94.0904399777651
94.0962395486653
94.1003903979144
94.1008604350239
94.097599770004
94.0924480977152
94.0855919969699
94.0787475816563
94.0732891365666
94.0698473745964
94.0673220892527
94.0655496854565
94.0722196494618
94.079003035565
94.0841940311601
94.0874356376024
94.0886816394118
94.0892108274947
94.090098246584
94.0898696570791
94.087741608186
94.0838222494976
94.0777048653077
94.0708600881241
94.0644776555312
94.0578621821282
94.0534770509647
94.0520782847982
94.0498233049061
94.0470618965564
94.0431356885865
94.0398335313705
94.0375308425596
94.0364730574714
94.0363409266269
94.0349820317477
94.0320424904724
94.0284716924232
94.024122826412
94.0200020526136
94.0109493294331
93.9969568070787
93.9784950889495
93.9601141771229
93.9471255487398
93.9367326695653
93.9307502578475
93.9314705475076
93.9390464251825
93.9519315438836
93.9675187188593
93.9795593854874
93.9856037220963
93.9865054380298
93.9864259676728
93.9939269945917
94.0004356364132
94.0076006407139
94.018641203262
94.0303654086025
94.0407786018983
94.0494299745875
94.0562652368409
94.0604744237952
94.0607248569558
94.0571753387849
94.0506595236299
94.0426136980582
94.0352865594594
94.0297904036076
94.023829410826
94.0172914139481
94.0108406911598
94.006415036626
94.0026827311105
93.9982837243399
93.9956746186605
93.9974726327914
93.9959328846222
93.9912826357404
93.984020189211
93.9757345348626
93.9664873215058
93.9580520005615
93.9518175897395
93.9479824879929
93.9469112080144
93.9475863477606
93.9482991990103
93.9490913685925
93.947550712866
93.9447678410849
93.942036362679
93.9405067540621
93.9411912786385
93.9445322523103
93.9482280031311
93.953095447966
93.9587059537262
93.9610620668716
93.9589225435856
93.9531776056383
93.9458834423569
93.9380853827079
93.931256276461
93.9274548299521
93.9265478572038
93.9257361704861
93.9271335776017
93.9358874274931
93.9439778334517
93.9484210077342
93.9486418177656
93.9460447304411
93.9495367031181
93.9526381869812
93.9531675790727
93.9478125951137
93.9364099191159
93.9243234332787
93.9133727141332
93.9059742346569
93.9029941134807
93.9063006174587
93.9156590228659
93.9307563638116
93.9476644109732
93.9645619570005
93.9762789376719
93.9830673653687
93.9887294241783
93.9936188542483
93.9979881795127
94.000797790487
94.0013130954379
93.9992200349183
93.9947973689994
93.9888536913301
93.9921451328518
93.9977230850844
94.0038756161848
94.0098469325152
94.0164162335557
94.021742176956
94.0243183087011
94.0332959109009
94.0388926060613
94.0417864502003
94.0421184393692
94.0428963588414
94.0443206283529
94.0472167752081
94.0515350430675
94.0566508161439
94.0622517707309
94.067738459988
94.0720940283393
94.075305460219
94.0781529087038
94.0802873374096
94.0815569008766
94.0811640736155
94.0779573923218
94.0719742210214
94.0633634284158
94.0533537097
94.0424981300066
94.0324296332994
94.0226872814396
94.0133777755662
94.0119231376367
94.0172048985327
94.021878078253
94.0246145105515
94.0272063419605
94.0290614836867
94.0302737166312
94.0305435615839
94.0305031296845
94.0295110778146
94.0278663460424
94.0249715420978
94.0295983505913
94.0358419883674
94.0426736288074
94.0492538932299
94.0551457435238
94.0607058159826
94.0651864777254
94.0677577807558
94.0677824566265
94.064872038254
94.0580410184866
94.0476051178385
94.035815919624
94.0235125203839
94.0101919460472
93.9982322762851
93.9890858727777
93.9836404339021
93.9816101422332
93.9808929964041
93.9804098235758
93.986539661984
93.9897215419782
93.9912184697595
93.9928133788866
93.9949411400468
93.9971375391761
93.9991193158303
94.0009028728427
94.0023961514854
94.0083805117808
94.0115509593413
94.0118850418461
94.0098285577066
94.0071734448385
94.0043303819425
94.0017301869284
94.0003875695062
94.0005468387838
94.0031361508926
94.0086621802445
94.0131209287221
94.0150234771656
94.0145620857993
94.0131373239605
94.0118480099683
94.012546735863
94.0163826821335
94.0240699987764
94.0368879080037
94.0622265265315
94.0854208648312
94.1034016036396
94.1139283944859
94.1173019809306
94.1159516945975
94.1125753319158
94.1093861757518
94.1072264759632
94.1082916150769
94.11114033125
94.1155649974484
94.1201259538902
94.122482708667
94.1212557918
94.115512173295
94.1059043585855
94.0930724039175
94.0781240853972
94.0620819118219