114.284918212592
114.292655152028
114.300663390802
114.308504552349
114.312822930242
114.312784822122
114.309239204239
114.318528715502
114.326790934372
114.333947370106
114.343381317986
114.353594011917
114.362414569481
114.371032514205
114.377264947902
114.380036973059
114.378708876087
114.374913085065
114.369369940158
114.363117997064
114.355647997197
114.347184088198
114.33757132753
114.327459305071
114.3184236972
114.309468969097
114.301570252734
114.294298735892
114.289318743268
114.287493657451
114.294386410139
114.303095156541
114.30924006518
114.318498846091
114.331669056255
114.339945487558
114.344081852949
114.345550095359
114.344204308241
114.343238102005
114.342581415019
114.341315321964
114.339884168686
114.337622738814
114.337380631378
114.338451745392
114.339187508364
114.340655423413
114.343211956553
114.345309428016
114.34850286046
114.354290372472
114.364963736038
114.374467353054
114.382084444039
114.387786828011
114.391586171816
114.391192920049
114.386811715858
114.380926698694
114.37377786825
114.365988204098
114.359412738506
114.354602127788
114.350588128898
114.345684135405
114.33993201394
114.338170723463
114.334321743758
114.329961165809
114.32483541786
114.32274755614
114.330336205222
114.339437315039
114.350247947278
114.360761837611
114.368875853598
114.373246249326
114.37407432122
114.374381007092
114.375589614
114.37736156972
114.379382089252
114.381679098269
114.384782829327
114.387738282241
114.389842344989
114.388904208428
114.3847342747
114.37895808292
114.371586671278
114.362695076734
114.353309988195
114.343640171439
114.335871763536
114.335640100724
114.335142815557
114.336560894232
114.338013160161
114.340401044454
114.341717071634
114.341680767104
114.339249502208
114.333803768598
114.324056244142
114.311380662782
114.296733790705
114.282508158962
114.271276376433
114.265161856615
114.263794094796
114.269518828851
114.283616312165
114.297458695686
114.310844455012
114.321443348182
114.330594444064
114.33854392718
114.344508040737
114.349101680038
114.35138182814
114.350308448739
114.347039105556
114.342113776307
114.337169264661
114.333636552418
114.330229945745
114.325975829431
114.3220126731
114.319932512041
114.322558465492
114.326522060219
114.330951849178
114.336311881678
114.342320724902
114.348736347223
114.35500053783
114.358876104924
114.359808380915
114.358550709935
114.35544436176
114.354533805075
114.352453198063
114.349458851306
114.34671911275
114.344910642039
114.343727632275
114.343690143609
114.344378564426
114.346616087618
114.348448357029
114.352519995858
114.356944334936
114.360469807158
114.36364997093
114.365587515648
114.366028111254
114.366003614038
114.363930856603
114.360166341183
114.356517036334
114.351962438279
114.3481927404
114.345025682865
114.350377627743
114.357743357537
114.365644834048
114.37183100444
114.374055589844
114.375068627884
114.377015111745
114.37655544065
114.375833869112
114.375086273225
114.374493607039
114.375082463788
114.376306989483
114.377359398392
114.377639542709
114.376600237255
114.373113767482
114.370663059601
114.37155677451
114.375401915345
114.381740398001
114.390175192463
114.396816206177
114.401345282724
114.4028163671
114.402944663886
114.401660304257
114.398205764436
114.393279826955
114.388890486994
114.384380673164
114.379136433955
114.384610047981
114.391173808302
114.397297106976
114.403858350931
114.409099146929
114.413099316872
114.414117829839
114.409669413792
114.402539250145
114.394004769737
114.387108457669
114.382063064567
114.379769667743
114.380205671988
114.385148060525
114.398307950344
114.410577685712
114.420602058937
114.42568036952
114.427715476152
114.427747357707
114.427716811031
114.428223407445
114.428162211561
114.426499476772
114.424596855255
114.422185389384
114.418267477801
114.414983083253
114.422026436806
114.429311203922
114.434539616409
114.438492840941
114.440927363219
114.441249810948
114.439080726906
114.435137546614
114.429745749294
114.422828495167
114.415439166144
114.412225910713
114.415886931734
114.419241446384
114.42416126309
114.430431480689
114.438319451062
114.445103878346
114.448482983049
114.447116133556
114.440711801222
114.429706161645
114.41942955655
114.408970044073
114.399040450011
114.390075085563
114.385153141317
114.384181728512
114.384255746098
114.383635815188
114.381229957301
114.37744418483
114.371739583977
114.361730204274
114.356674643996
114.355519046939
114.353863088351
114.352804574102
114.352308370381
114.350590346512
114.348288396916
114.346251390546
114.345379034408
114.344237033074
114.342362765677
114.340241804718
114.33766997878
114.336632098924
114.343142377954
114.348726278722
114.353461859066
114.356542599028
114.359793052532
114.362944647674
114.366454478676
114.371979377403
114.379203890051
114.385463416651
114.389099605231
114.389039634569
114.386494282047
114.381330893852
114.374105077071
114.365460669243
114.356696689939
114.347731674968
114.340537173105
114.336985274432
114.334889379214
114.330785143355
114.32619501726
114.321973619364
114.323196430533
114.323875145132
114.326412050474
114.329032502152
114.330025546869
114.330490758835
114.329938003286
114.328331937438
114.324967699116
114.320243184022
114.314310408753
114.307781953974
114.299810370818
114.2913260948
114.282136379026
114.276310718607
114.27977056777
114.285140976102
114.292729333015
114.303371817188
114.315884522361
114.327282418703
114.336998619002
114.343680880411
114.346901514813
114.346299964325
114.343332770235
114.339375123103
114.336583332295
114.336236826783
114.338988770889
114.339992221032
114.336891865092
114.330427831873
114.32289336868
114.315187904814
114.30925282901
114.304641142968
114.300868254444
114.29825115042
114.296831575215
114.294871092043
114.291482118094
114.299754566076
114.311064948151
114.32406957721
114.339061160919
114.354344900276
114.367601722684
114.377261361156
114.384038935295
114.387170761873
114.386325758294
114.383553306482
114.380263817508
114.377948774899
114.377730787612
114.379777838231
114.382764939392
114.385813151394
114.38606899338
114.382046950761
114.371429981494
114.355705341443
114.336731643301
114.318578136952
114.30634451388
114.301459028027
114.306212903486
114.313310535918
114.322022876309
114.328863626384
114.332743338694
114.333791638295
114.333068061415
114.331885320425
114.331503185376
114.331567459311
114.330012897057
114.328337872458
114.323128671544
114.316109825449
114.306751264076
114.296856934933
114.286774180223
114.2781857919
114.273427313361
114.269799097919
114.26701884188
114.266576544366
114.270635507593
114.273521586279
114.279603497846
114.285591802833
114.292778624736
114.301010229523
114.310499781731
114.315875339183
114.31868652033
114.316618055331
114.312393305747
114.306430633984
114.29978081087
114.29427980236
114.288534562862
114.28359966089
114.281711589559
114.288317334071
114.302544517125
114.316996438323
114.329249764087
114.33772165644
114.342496705651
114.342761531596
114.338710830961
114.333636709388
114.328653329937
114.327920249072
114.331125220201
114.337018753502
114.345243654463
114.354253954532
114.36207100118
114.366302938774
114.364059746749
114.357277554175
114.348924907959
114.350483172066
114.349340350266
114.344740658714
114.340154894409
114.336410305644
114.332521279342
114.328876194564
114.326271888774
114.32248374466
114.318862054017
114.315971370826
114.313192308876
114.310244536948
114.307267548279
114.30478179554
114.313161427734
114.328122867104
114.344275532282
114.36091963851
114.375670223991
114.388297942251
114.398430252254
114.405760462906
114.410326493585
114.412361349876
114.410766008779
114.408115295248
114.406065336825
114.403807426991
114.401374368797
114.397314048332
114.392755207615
114.388269574136
114.382586715017
114.377603274776
114.371999305384
114.368270971825
114.366508987676
114.366325393648
114.366242535781
114.365090352379
114.371141583834
114.377427434887
114.381296274534
114.382494906802
114.381188976434
114.378977523939
114.376743007419
114.374400321674
114.372584128762
114.370902836529
114.369313800354
114.368682185881
114.370351664166
114.372281776866
114.373368869775
114.373677971815
114.372119754341
114.368306059695
114.361107707268
114.352023239622
114.343533148906
114.333347900222
114.323853549573
114.315323604742
114.307820211878
114.301162501258
114.296522625966
114.294365442058
114.294509520589
114.294268557427
114.292123331195
114.304436796267
114.310660370438
114.312822930242
114.312784822122
114.311383140991
114.309084072634
114.307017864787
114.306397103948
114.306100254916
114.306833445772
114.308433659088
114.31147525716
114.316518446953
114.322766264948
114.32992704779
114.33858636416
114.349480466255
114.360300144251
114.36921568874
114.375998137094
114.380036973059
114.378691629556
114.370647601541
114.357135629865
114.34032871128
114.323337013893
114.307336735306
114.295262148098
114.294211971281
114.299413633985
114.305709142999
114.311892574132
114.309696133145
114.297262619461
114.277737971555
114.257466508043
114.242235614658
114.235283983837
114.239651067117
114.253906482712
114.274975337465
114.30031336546
114.325351719776
114.34104752011
114.345550095359
114.341529270855
114.338614753672
114.337386962211
114.340218043014
114.345076005433
114.350191085904
114.353730074918
114.357140682272
114.360541735045
114.362618984221
114.365400691171
114.370505006257
114.377140640108
114.384858949796
114.3898920921
114.391586171816
114.390041794623
114.385541370664
114.378550195307
114.36910847387
114.359103525002
114.349482352253
114.341675734108
114.340323416276
114.339678646689
114.33993201394
114.33974261362
114.33737946596
114.333541415316
114.328446602465
114.323348621051
114.32175499675
114.324281994737
114.32774975784
114.331414949615
114.336947192212
114.348235836141
114.360220214927
114.369358031338
114.380846252492
114.388876078796
114.389842344989
114.383823649844
114.373281727496
114.359531174647
114.345526730552
114.335437422674
114.332069108082
114.331816711296
114.332626286959
114.33469671402
114.336148753509
114.336080023863
114.339614849817
114.341717071634
114.341680767104
114.340929495996
114.338689253198
114.335738490059
114.33177950713
114.32541161905
114.318867729582
114.31227881622
114.305299169911
114.297835319234
114.290135898519
114.282431580131
114.281792240169
114.28625969917
114.292216957285
114.297781213112
114.303768830557
114.310745099037
114.319270399242
114.329061077121
114.338124063492
114.344570003736
114.349400675068
114.35138182814
114.3496835
114.346164784721
114.339767903454
114.331897882289
114.323369763585
114.318195981369
114.316384296737
114.323268122698
114.332558956072
114.341655605534
114.348824309133
114.353957138598
114.356938518056
114.358831825795
114.359544908404
114.359808380915
114.357910553766
114.355888534151
114.354255199504
114.354707154002
114.35544436176
114.353983040119
114.351282059086
114.348123418268
114.345443831042
114.347817707918
114.348841996815
114.34940447851
114.349502388876
114.35078301534
114.354422521078
114.359354767237
114.363617772481
114.366028111254
114.366003614038
114.363606117098
114.359274945853
114.354288837793
114.349303472981
114.352353210355
114.356753894092
114.361144677333
114.366173379305
114.371372805684
114.374055589844
114.373208851488
114.371047943724
114.369606492785
114.369501526945
114.369803112732
114.371460622194
114.374794227785
114.377015111745
114.37655544065
114.377359398392
114.377639542709
114.375303139303
114.377290086176
114.380891146561
114.38391988498
114.386388677416
114.388859015319
114.39310116072
114.397266657413
114.400219623872
114.402291745762
114.4028163671
114.402944663886
114.402587930449
114.398813261044
114.392645919218
114.384831786333
114.377836492113
114.371791966286
114.368916584849
114.370677978678
114.375656263015
114.382368162118
114.391568541292
114.401323401279
114.409693974839
114.414117829839
114.413133152989
114.405678026361
114.393652244192
114.386066578658
114.38573736202
114.386555889174
114.38883977569
114.394804675273
114.404269551603
114.415209756174
114.423731664524
114.427747357707
114.428223407445
114.423731694699
114.413928212745
114.403419031968
114.390696425433
114.380824625911
114.376652372868
114.381091956175
114.391781412075
114.40522447517
114.420402501831
114.434210544983
114.440927363219
114.441249810948
114.436197618215
114.428445087888
114.421355727864
114.416395214911
114.41388395037
114.415400568385
114.422668754703
114.431373379138
114.440058808405
114.445878210553
114.448482983049
114.446620572274
114.443735518521
114.439548556846
114.437054951626
114.434099879306
114.430253898555
114.428532875302
114.429050882892
114.428754170998
114.425451203538
114.418037598635
114.406860507609
114.392243993321
114.375144634262
114.361965029677
114.355788838227
114.350677559975
114.349462340253
114.351204370058
114.353584515645
114.355962827593
114.356951590947
114.353917092802
114.348427772667
114.339506076146
114.331980271099
114.325603902988
114.320872869674
114.31997142482
114.322926802147
114.328300341304
114.335587566997
114.341846097808
114.345862928776
114.34829740456
114.349472296442
114.358192294424
114.368173270838
114.377868763212
114.385511042158
114.389099605231
114.389039634569
114.384303448156
114.377288748694
114.370660159435
114.363762208722
114.356977913095
114.35078211275
114.345275575509
114.340687785371
114.336899931337
114.33416413689
114.329549713103
114.324693555189
114.321809868526
114.321643920207
114.323586062458
114.323875145132
114.324204614059
114.324926664847
114.327370252282
114.329776712436
114.330490758835
114.326055011261
114.31841654271
114.308524602904
114.298657448082
114.286255280858
114.274189471476
114.266498837083
114.262921853067
114.266041239409
114.278644044668
114.292325647215
114.302878626831
114.311592461298
114.320083779537
114.32760036018
114.332429627703
114.338305646733
114.343803403398
114.346901514813
114.346771735112
114.345721941319
114.343978046116
114.341815060141
114.339468291851
114.337967485596
114.338946240679
114.339992221032
114.339897624563
114.338270216728
114.33351039819
114.324781217127
114.313942879429
114.30038695267
114.28483301799
114.281423598898
114.279998316493
114.27910324582
114.280868288536
114.285216176382
114.293103155615
114.305592587299
114.322206764934
114.342181741926
114.360649747919
114.375671544148
114.385285567957
114.387170761873
114.385813151394
114.38606899338
114.38177661337
114.374873292587
114.367924127679
114.362646827972
114.360573395817
114.357619636107
114.352945856309
114.346116147149
114.336035418888
114.324620245284
114.313774268218
114.303788842845
114.294572999599
114.287586040027
114.284535261073
114.291821876542
114.305878827406
114.319107625737
114.328920296541
114.333791638295
114.332689264496
114.329696914587
114.324719715006
114.318258356563
114.310657094583
114.30287436538
114.298392220427
114.293996468109
114.289565923817
114.28362509699
114.277687952918
114.271568242012
114.270852815572
114.277593966857
114.284560814339
114.291585468441
114.297448131367
114.301061639198
114.302935166829
114.305106821219
114.306947937522
114.309964685802
114.314302093109
114.317705331958
114.31868652033
114.317215242697
114.313183781924
114.306706072441
114.296487151983
114.284646994442
114.282983859494
114.284259025118
114.28758430582
114.293541848961
114.300973134412
114.30899914458
114.316397354168
114.324452175134
114.331124042689
114.338107827561
114.343802374286
114.356443468625
114.363386038297
114.366302938774
114.365628566784
114.362054711483
114.356821268067
114.35055954053
114.345812449116
114.343612342459
114.345857673828
114.34810478958
114.348696952277
114.347980998934
114.348451809653
114.349478474289
114.350483172066
114.348100080274
114.344330822626
114.338565860841
114.329855772895
114.319998548231
114.311189220066
114.308838494807
114.311683008132
114.313946416477
114.316916195528
114.321290732852
114.326150751375
114.333790199219
114.343698659127
114.354403809605
114.365964564483
114.377000809438
114.386979270944
114.396202666802
114.403330230502
114.407608467774
114.411128025341
114.412361349876
114.410961788449
114.407391437261
114.401227689968
114.395249600904
114.388056181423
114.381283943839
114.375602227934
114.370703807029
114.366157144409
114.366325393648
114.366242535781
114.366052495593
114.364845936883
114.363255281109
114.360949529046
114.358735193772
114.357233343147
114.357606016798
114.360665649403
114.36627001069
114.37309754598
114.379096748795
114.382494906802
114.379614887039
114.373368869775
114.373677971815
114.372302505756
114.369355763032
114.365621526811
114.362145549483
114.358442366105
114.353953728258
114.348478326865
114.342176267305
114.334005446167
114.324513022593
114.315690790839
114.306932236051
114.295212091161
114.287443559768
114.281314258863
114.274631772797
114.269071399567
114.266053676703
114.265406623591
114.26579816645
114.267628908024
114.27068836201
114.276668289831