24.4721221923828
24.4778442382813
24.5060729980469
24.4698333740234
24.4915771484375
24.4831848144531
24.4705963134766
24.4664001464844
24.4877624511719
24.4332122802734
24.4896697998047
24.4961547851563
24.4919586181641
24.5045471191406
24.4839477539063
24.4896697998047
24.4740295410156
24.4648742675781
24.4561004638672
24.4595336914063
24.4473266601563
24.5037841796875
24.4992065429688
24.5030212402344
24.4980621337891
24.5060729980469
24.4797515869141
24.4683074951172
24.4671630859375
24.464111328125
24.4614410400391
24.4721221923828
24.4786071777344
24.4728851318359
24.4759368896484
24.4736480712891
24.4816589355469
24.4911956787109
24.4976806640625
24.4988250732422
24.4778442382813
24.4908142089844
24.4564819335938
24.5365905761719
24.5327758789063
24.5243835449219
24.5186614990234
24.53125
24.5167541503906
24.5293426513672
24.5266723632813
24.5289611816406
24.5266723632813
24.5209503173828
24.5213317871094
24.5148468017578
24.5095062255859
24.512939453125
24.5011138916016
24.5171356201172
24.5011138916016
24.4877624511719
24.5213317871094
24.5201873779297
24.4683074951172
24.5167541503906
24.4923400878906
24.4957733154297
24.4911956787109
24.4911956787109
24.4828033447266
24.4942474365234
24.4908142089844
24.4770812988281
24.4786071777344
24.4717407226563
24.4759368896484
24.4976806640625
24.4976806640625
24.4847106933594
24.4694519042969
24.4751739501953
24.5037841796875
24.464111328125
24.47021484375
24.4835662841797
24.5098876953125
24.4877624511719
24.4858551025391
24.4900512695313
24.4923400878906
24.4831848144531
24.4686889648438
24.4644927978516
24.4358825683594
24.4541931152344
24.4728851318359
24.4622039794922
24.4740295410156
24.4717407226563
24.4812774658203
24.4873809814453
24.4850921630859
24.4866180419922
24.4801330566406
24.4660186767578
24.4850921630859
24.5018768310547
24.5064544677734
24.4999694824219
24.5098876953125
24.5041656494141
24.5014953613281
24.5026397705078
24.4900512695313
24.4877624511719
24.4919586181641
24.4938659667969
24.4869995117188
24.5049285888672
24.5003509521484
24.5056915283203
24.4774627685547
24.4915771484375
24.4957733154297
24.5186614990234
24.5297241210938
24.53125
24.5243835449219
24.5308685302734
24.5308685302734
24.5411682128906
24.5465087890625
24.5327758789063
24.5587158203125
24.5480346679688
24.5484161376953
24.5537567138672
24.54345703125
24.5499420166016
24.5465087890625
24.5701599121094
24.5556640625
24.5831298828125
24.5667266845703
24.5686340332031
24.5518493652344
24.5507049560547
24.5384979248047
24.5625305175781
24.5575714111328
24.5556640625
24.5507049560547
24.5358276367188
24.5442199707031
24.5335388183594
24.5438385009766
24.5453643798828
24.5289611816406
24.512939453125
24.5339202880859
24.51904296875
24.5232391357422
24.5228576660156
24.5270538330078
24.5117950439453
24.5121765136719
24.5308685302734
24.5175170898438
24.5114135742188
24.5087432861328
24.5064544677734
24.5079803466797
24.5034027099609
24.5148468017578
24.5194244384766
24.4988250732422
24.5056915283203
24.5056915283203
24.5182800292969
24.488525390625
24.4999694824219
24.5236206054688
24.4984436035156
24.5037841796875
24.4965362548828
24.4927215576172
24.4858551025391
24.4858551025391
24.4778442382813
24.4938659667969
24.4820404052734
24.47021484375
24.4831848144531
24.482421875
24.4633483886719
24.4801330566406
24.4866180419922
24.4953918457031
24.4797515869141
24.4843292236328
24.4843292236328
24.4835662841797
24.49462890625
24.4908142089844
24.4995880126953
24.4843292236328
24.4713592529297
24.4839477539063
24.4911956787109
24.4923400878906
24.4786071777344
24.4629669189453
24.4854736328125
24.4732666015625
24.4843292236328
24.4797515869141
24.4892883300781
24.4728851318359
24.4766998291016
24.4988250732422
24.4869995117188
24.4778442382813
24.4961547851563
24.4873809814453
24.4732666015625
24.4828033447266
24.4770812988281
24.464111328125
24.4778442382813
24.4900512695313
24.4828033447266
24.4755554199219
24.4789886474609
24.4728851318359
24.4618225097656
24.4786071777344
24.4881439208984
24.4740295410156
24.4683074951172
24.5106506347656
24.4969177246094
24.4908142089844
24.4721221923828
24.4698333740234
24.4713592529297
24.4961547851563
24.5205688476563
24.4984436035156
24.5293426513672
24.5301055908203
24.5453643798828
24.5499420166016
24.5549011230469
24.5655822753906
24.5629119873047
24.5762634277344
24.5640563964844
24.5571899414063
24.5732116699219
24.56787109375
24.5583343505859
24.5545196533203
24.5518493652344
24.5350646972656
24.5449829101563
24.5358276367188
24.5369720458984
24.5442199707031
24.5331573486328
24.5381164550781
24.5430755615234
24.5293426513672
24.53125
24.5362091064453
24.5274353027344
24.5209503173828
24.5186614990234
24.5198059082031
24.5205688476563
24.53125
24.5098876953125
24.5236206054688
24.5350646972656
24.5442199707031
24.5400238037109
24.5301055908203
24.5476531982422
24.5674896240234
24.5774078369141
24.5758819580078
24.5747375488281
24.6006774902344
24.5865631103516
24.5758819580078
24.5781707763672
24.6002960205078
24.5953369140625
24.6063995361328
24.5873260498047
24.6063995361328
24.6037292480469
24.5991516113281
24.6018218994141
24.6147918701172
24.5907592773438
24.5964813232422
24.6075439453125
24.6269989013672
24.6025848388672
24.6220397949219
24.5903778076172
24.5781707763672
24.6086883544922
24.5999145507813
24.6041107177734
24.6052551269531
24.5835113525391
24.5812225341797
24.5758819580078
24.5701599121094
24.5659637451172
24.5907592773438
24.5735931396484
24.5953369140625
24.5919036865234
24.6010589599609
24.6052551269531
24.6063995361328
24.6113586425781
24.6140289306641
24.6090698242188
24.586181640625
24.5602416992188
24.6212768554688
24.6243286132813
24.6308135986328
24.6052551269531
24.6437835693359
24.6418762207031
24.6487426757813
24.6388244628906
24.6575164794922
24.6361541748047
24.6357727050781
24.6556091308594
24.6609497070313
24.6651458740234
24.6453094482422
24.6720123291016
24.6571350097656
24.6567535400391
24.6437835693359
24.6907043457031
24.6750640869141
24.6620941162109
24.6971893310547
24.6929931640625
24.6800231933594
24.6884155273438
24.671630859375
24.6765899658203
24.68994140625
24.6689605712891
24.6697235107422
24.677734375
24.6666717529297
24.6693420410156
24.6876525878906
24.6773529052734
24.6708679199219
24.6556091308594
24.6311950683594
24.6353912353516
24.6533203125
24.6800231933594
24.6693420410156
24.6407318115234
24.6342468261719
24.6140289306641
24.5831298828125
24.5461273193359
24.5781707763672
24.6365356445313
24.6331024169922
24.6521759033203
24.6441650390625
24.6311950683594
24.6662902832031
24.6243286132813
24.6098327636719
24.6361541748047
24.6365356445313
24.6399688720703
24.6392059326172
24.6311950683594
24.6453094482422
24.6537017822266
24.6533203125
24.6659088134766
24.6147918701172
24.6075439453125
24.5823669433594
24.6269989013672
24.6521759033203
24.6285247802734
24.6422576904297
24.6319580078125
24.5907592773438
24.6060180664063
24.6155548095703
24.5884704589844
24.5926666259766
24.6254730224609
24.6136474609375
24.6010589599609
24.5766448974609
24.5682525634766
24.5766448974609
24.5613861083984
24.549560546875
24.5533752441406
24.5663452148438
24.5674896240234
24.5487976074219
24.5686340332031
24.5598602294922
24.5762634277344
24.5453643798828
24.5350646972656
24.5144653320313
24.5213317871094
24.5110321044922
24.5411682128906
24.5045471191406
24.5377349853516
24.5537567138672
24.5537567138672
24.5583343505859
24.5404052734375
24.5423126220703
24.549560546875
24.5343017578125
24.5011138916016
24.4782257080078
24.488525390625
24.4835662841797
24.4652557373047
24.4278717041016
24.4419860839844
24.4896697998047
24.4843292236328
24.4759368896484
24.5003509521484
24.4774627685547
24.4202423095703
24.4614410400391
24.4847106933594
24.482421875
24.4534301757813
24.4606781005859
24.4919586181641
24.4881439208984
24.47021484375
24.4580078125
24.4183349609375
24.4072723388672
24.4015502929688
24.3763732910156
24.4190979003906
24.4671630859375
24.4862365722656
24.4122314453125
24.4293975830078
24.4507598876953
24.4778442382813
24.4667816162109
24.4778442382813
24.4698333740234
24.4450378417969
24.4698333740234
24.476318359375
24.4625854492188
24.4431304931641
24.4496154785156
24.4587707519531
24.4576263427734
24.4374084472656
24.4332122802734
24.4488525390625
24.4690704345703
24.4679260253906
24.4675445556641
24.4530487060547
24.4679260253906
24.4328308105469
24.4538116455078
24.4362640380859
24.4465637207031
24.4557189941406
24.47021484375
24.4938659667969
24.4854736328125
24.4660186767578
24.4614410400391
24.4511413574219
24.4534301757813
24.4328308105469
24.4465637207031
24.4606781005859
24.4496154785156
24.4240570068359
24.3878173828125
24.3820953369141
24.3336486816406
24.4278717041016
24.4038391113281
24.3870544433594
24.3706512451172
24.4023132324219
24.3862915039063
24.3527221679688
24.3603515625
24.3527221679688
24.3565368652344
24.3382263183594
24.3328857421875
24.3199157714844
24.3416595458984
24.3489074707031
24.3622589111328
24.3645477294922
24.3286895751953
24.3382263183594
24.3248748779297
24.3279266357422
24.3439483642578
24.3504333496094
24.3393707275391
24.3309783935547
24.3229675292969
24.3386077880859
24.3347930908203
24.3374633789063
24.3328857421875
24.3279266357422
24.3202972412109
24.293212890625
24.2733764648438
24.2737579345703
24.2604064941406
24.2478179931641
24.2783355712891
24.2955017089844
24.3138122558594
24.2924499511719
24.2596435546875
24.2634582519531
24.2604064941406
24.2855834960938
24.2779541015625
24.2600250244141
24.2634582519531
24.2459106445313
24.281005859375
24.2623138427734
24.2657470703125
24.2562103271484
24.2798614501953
24.2466735839844
24.2508697509766
24.2237854003906
24.2089080810547
24.2581176757813
24.2066192626953
24.2577362060547
24.2211151123047
24.2291259765625
24.1864013671875
24.2161560058594
24.2222595214844
24.2413330078125
24.2600250244141
24.2699432373047
24.2409515380859
24.2356109619141
24.2455291748047
24.1932678222656
24.2222595214844
24.2272186279297
24.2127227783203
24.2203521728516
24.2192077636719
24.2264556884766
24.2146301269531
24.2146301269531
24.2146301269531
24.1875457763672
24.1989898681641
24.2005157470703
24.1974639892578
24.2058563232422
24.2108154296875
24.2089080810547
24.2249298095703
24.2073822021484
24.2058563232422
24.2012786865234
24.1963195800781
24.2024230957031
24.1944122314453
24.1970825195313
24.1871643066406
24.1932678222656
24.2024230957031
24.2203521728516
24.1993713378906
24.1818237304688
24.2005157470703
24.1993713378906
24.1856384277344
24.1898345947266
24.1898345947266
24.1940307617188
24.1936492919922
24.1909790039063
24.1764831542969
24.1921234130859
24.1810607910156
24.1814422607422
24.2054748535156
24.1871643066406
24.1848754882813
24.1791534423828
24.2062377929688
24.1799163818359
24.1848754882813
24.1993713378906
24.1787719726563
24.1806793212891
24.1989898681641
24.1986083984375
24.2062377929688
24.1822052001953
24.1753387451172
24.1852569580078
24.2047119140625
24.1768646240234
24.1997528076172
24.2039489746094
24.2020416259766
24.1967010498047
24.1997528076172
24.1944122314453
24.2024230957031
24.2008972167969
24.1917419433594
24.2165374755859
24.1936492919922
24.2142486572266
24.2073822021484
24.2031860351563
24.2161560058594
24.1829681396484
24.2081451416016
24.2005157470703
24.2005157470703
24.2188262939453
24.2119598388672
24.2100524902344
24.1917419433594
24.2005157470703
24.1982269287109
24.2100524902344
24.2169189453125
24.2371368408203
24.2123413085938
24.2119598388672
24.2047119140625
24.1905975341797
24.2050933837891
24.2089080810547
24.2104339599609
24.2138671875
24.2138671875
24.2245483398438
24.2394256591797
24.2249298095703
24.232177734375
24.2253112792969
24.2249298095703
24.2226409912109
24.2302703857422
24.2348480224609
24.2348480224609
24.2352294921875
24.2550659179688
24.23828125
24.2222595214844
24.2241668701172
24.2699432373047
24.2462921142578
24.2638397216797
24.22607421875
24.2600250244141
24.2592620849609
24.2665100097656
24.2512512207031
24.2207336425781
24.2550659179688
24.2455291748047
24.2543029785156
24.2470550537109
24.2485809326172
24.2607879638672
24.2611694335938
24.2874908447266
24.2943572998047
24.2939758300781
24.2844390869141
24.2905426025391
24.2859649658203
24.3058013916016
24.2924499511719
24.2890167236328
24.2962646484375
24.3046569824219
24.3229675292969
24.3058013916016
24.3038940429688
24.2798614501953
24.2588806152344
24.2584991455078
24.27490234375
24.2813873291016
24.2920684814453
24.2615509033203
24.2935943603516
24.2802429199219
24.2741394042969
24.3023681640625
24.2771911621094
24.2878723144531
24.2989349365234
24.2955017089844
24.3073272705078
24.3161010742188
24.3061828613281
24.3099975585938
24.3145751953125
24.3187713623047
24.2955017089844
24.3393707275391
24.3260192871094
24.3382263183594
24.3538665771484
24.3538665771484
24.3389892578125
24.3649291992188
24.3553924560547
24.3679809570313
24.3500518798828
24.3862915039063
24.3740844726563
24.3668365478516
24.3454742431641
24.3527221679688
24.3698883056641
24.3874359130859
24.37255859375
24.3611145019531
24.3557739257813
24.3778991699219
24.3832397460938
24.3752288818359
24.3912506103516
24.3637847900391
24.3874359130859
24.3870544433594
24.3805694580078
24.3946838378906
24.3737030029297
24.3855285644531
24.3649291992188
24.3534851074219
24.3683624267578
24.3492889404297
24.3523406982422
24.3698883056641
24.3790435791016
24.3702697753906
24.3771362304688
24.3920135498047
24.4160461425781
24.4080352783203
24.4026947021484
24.4053649902344
24.3809509277344
24.3405151367188
24.3580627441406
24.3439483642578
24.3916320800781
24.4313049316406
24.4358825683594
24.4320678710938
24.49462890625
24.4129943847656
24.4339752197266
24.4477081298828
24.4332122802734
24.3931579589844
24.4629669189453
24.4637298583984
24.4355010986328
24.4644927978516
24.4477081298828
24.4480895996094
24.4347381591797
24.439697265625
24.4393157958984
24.4412231445313
24.4263458251953
24.4255828857422
24.4286346435547
24.3935394287109
24.4324493408203
24.4332122802734
24.4309234619141
24.3878173828125
24.4164276123047
24.4305419921875
24.4263458251953
24.4618225097656
24.4339752197266
24.4095611572266
24.4091796875
24.4416046142578
24.4404602050781
24.4194793701172
24.4328308105469
24.4446563720703
24.4583892822266
24.4766998291016
24.4908142089844
24.4595336914063
24.4942474365234
24.5121765136719
24.3729400634766
24.3019866943359
24.4084167480469
24.4801330566406
24.4698333740234
24.4610595703125
24.4866180419922
24.4683074951172
24.4637298583984
24.4675445556641
24.4488525390625
24.5117950439453
24.4900512695313
24.5022583007813
24.4900512695313
24.4465637207031
24.476318359375
24.4908142089844
24.4923400878906
24.4900512695313
24.4446563720703
24.4652557373047
24.4736480712891
24.4816589355469
24.4889068603516
24.4892883300781
24.4931030273438
24.5331573486328
24.5297241210938
24.5625305175781
24.4862365722656
24.4602966308594
24.4751739501953
24.4759368896484
24.4789886474609
24.5003509521484
24.5304870605469
24.5102691650391
24.4820404052734
24.4976806640625
24.4995880126953
24.4713592529297
24.4889068603516
24.4892883300781
24.4820404052734
24.4766998291016
24.4992065429688
24.4839477539063
24.4725036621094
24.4831848144531
24.5182800292969
24.5262908935547
24.5049285888672
24.5186614990234
24.4931030273438
24.4961547851563
24.4995880126953
24.5117950439453
24.4839477539063
24.4892883300781
24.4850921630859
24.4835662841797
24.53125
24.4957733154297
24.5064544677734
24.5152282714844
24.4744110107422
24.5060729980469
24.47021484375
24.5228576660156
24.4721221923828
24.4828033447266
24.482421875
24.4778442382813
24.4835662841797
24.4740295410156
24.4976806640625
24.4843292236328
24.4923400878906
24.5045471191406
24.500732421875
24.4858551025391
24.4633483886719
24.4816589355469
24.4694519042969
24.482421875
24.4778442382813
24.476318359375
24.4938659667969
24.4873809814453
24.4839477539063
24.4629669189453
24.4656372070313
24.4675445556641
24.4652557373047
24.4568634033203
24.4614410400391
24.4797515869141
24.4553375244141
24.4545745849609
24.4644927978516
24.4782257080078
24.4698333740234
24.4683074951172
24.4744110107422
24.4583892822266
24.4541931152344
24.4755554199219
24.4843292236328
24.4755554199219
24.4656372070313
24.4801330566406
24.4694519042969
24.4599151611328
24.4679260253906
24.4786071777344
24.4675445556641
24.4835662841797
24.4705963134766
24.4648742675781
24.4713592529297
24.4713592529297
24.4656372070313
24.482421875
24.4652557373047
24.4667816162109
24.4622039794922
24.4503784179688
24.4614410400391
24.4755554199219
24.4709777832031
24.4820404052734
24.4782257080078
24.488525390625
24.4839477539063
24.5049285888672
24.5026397705078
24.5049285888672
24.4831848144531
24.4866180419922
24.4953918457031
24.5056915283203
24.5064544677734
24.5125579833984
24.4953918457031
24.4980621337891
24.5026397705078
24.5079803466797
24.4766998291016
24.4515228271484
24.4999694824219
24.4637298583984
24.4587707519531
