114.987327280392
114.996217551565
115.006423143711
115.016792432714
115.027123537573
115.03697043855
115.045246974878
115.052134662987
115.056910441709
115.060273189561
115.061081809764
115.060343670038
115.057464346385
115.053633198258
115.048929258035
115.044453815311
115.04442302457
115.044872878209
115.044433015004
115.042376155437
115.038509607764
115.033267126005
115.027764802949
115.023095259241
115.020980597953
115.021469243267
115.024724928348
115.029911251552
115.035556995065
115.039911930003
115.042206880421
115.042835891752
115.042784417176
115.043160686653
115.043994921263
115.045601000283
115.047479271937
115.049879092068
115.050855186663
115.050069607003
115.046738571919
115.04183757835
115.044308257009
115.046035294156
115.04735355105
115.048010449104
115.048319409589
115.048268486516
115.047690775803
115.045495444261
115.041305170206
115.036214039154
115.031007478387
115.02692110354
115.024446832881
115.023584278408
115.024156059853
115.025271848428
115.026172188686
115.024703313576
115.020632768845
115.013087259435
115.004023700865
114.993973477601
114.984317950015
114.976216292082
114.973720735529
114.97679277042
114.981703389893
114.988131824732
114.994499692928
115.00065917777
115.00609306823
115.011966928124
115.017558582886
115.024760697789
115.030586679083
115.034646971813
115.038299866152
115.041061444713
115.044227015093
115.046914112482
115.049453121064
115.052680900057
115.055314330404
115.057535269472
115.058516457866
115.057492864494
115.056128232366
115.053082853079
115.048621024357
115.042007256265
115.03443886275
115.026733803822
115.020126956217
115.015248932095
115.012835097944
115.014285362257
115.023287814826
115.031540912081
115.037478839661
115.041478704325
115.04297153417
115.043059411401
115.042200848734
115.041080804972
115.040883242037
115.040888913057
115.041753116549
115.041798802839
115.04091836371
115.039176899252
115.035421330103
115.030326944204
115.023890148583
115.020605889289
115.02102237772
115.021141964586
115.020004639475
115.017193804703
115.012454378195
115.00590996397
114.998739239251
114.990259773041
114.980946942237
114.971130396466
114.960877431336
114.95097146545
114.942569715983
114.938015451906
114.947473384062
114.958401541605
114.969265322324
114.979001246179
114.987120054407
114.991641805119
114.992577419229
114.990237886733
114.985515851378
114.981437992355
114.978606512852
114.977465310271
114.978227936582
114.980159528861
114.983745824115
114.987390639551
114.989736323545
114.990406305657
114.991070661416
114.993556507361
114.994698284828
114.9949619962
114.994199606458
114.994344727771
114.997277451807
115.002137335279
115.007553124513
115.011826624817
115.013448857292
115.012787394892
115.009506150632
115.005170971116
114.999942655207
114.99533832125
114.991679588896
114.988675185085
114.985806332484
114.981280832141
114.982701327726
114.985253434128
114.989203288939
114.993353451663
114.998643940245
115.004877602884
115.011993207885
115.017958395455
115.022213091386
115.024518845866
115.025331304398
115.025318119264
115.02589048275
115.026780164825
115.02838884169
115.03102760185
115.034170151926
115.036930423922
115.039179763188
115.040671853661
115.042077161009
115.043689588535
115.046013703542
115.049097908869
115.053469495415
115.059278586475
115.066266936335
115.073937986964
115.082821371069
115.092008440144
115.100035340673
115.106299612236
115.11098385683
115.114333824365
115.117650797115
115.119632826153
115.120638132338
115.119860190151
115.117209366776
115.113845753111
115.112238629167
115.114084147223
115.119467570944
115.127923915617
115.138784400086
115.150808429371
115.162451346478
115.172625977802
115.180872220972
115.187272008512
115.192258444438
115.196542019868
115.20104976178
115.206026499772
115.210902088973
115.2147350223
115.217539176408
115.220023826062
115.222546919976
115.225606130633
115.229704731456
115.233966968464
115.23823113947
115.242403714804
115.246619713717
115.250701367902
115.254284119838
115.257646486639
115.261458209243
115.26538801351
115.269688164793
115.274015120482
115.277742000158
115.281073895156
115.285432312386
115.288957630802
115.291818209145
115.295971226146
115.302484148307
115.31281444026
115.324885029493
115.33689502799
115.346548850465
115.352780035375
115.354449498772
115.351624867384
115.349662125767
115.344927917681
115.339898583816
115.336717084589
115.336516376976
115.33824446737
115.341485088876
115.344927740786
115.349007710306
115.351603081874
115.352358571526
115.350710997762
115.347171928095
115.342846093099
115.338985513169
115.335573787336
115.332579311909
115.329526211138
115.326290519794
115.322740541623
115.318683563953
115.313455901781
115.307705842754
115.300680020929
115.293326733028
115.284788852039
115.275371578165
115.26570766314
115.260050116169
115.255464906954
115.251871311835
115.249888917893
115.248296890546
115.246466479452
115.243974354264
115.243966478021
115.244310439275
115.242900020612
115.23972381148
115.236868001209
115.23412630316
115.231994731915
115.230394474667
115.227699123018
115.224008553787
115.219123917018
115.212708372491
115.205889720524
115.197910314374
115.18936739917
115.180123503339
115.175396320185
115.176453020259
115.176600878093
115.175866869299
115.174152656655
115.172754889929
115.170912605119
115.169032199493
115.166636528402
115.16276724013
115.158264525941
115.153985968942
115.155365976009
115.156201438386
115.156511782886
115.156471305196
115.156322182557
115.156206402064
115.155635007816
115.155717747546
115.155481425803
115.155219979032
115.154958541429
115.153939743612
115.153099305099
115.15158309609
115.149748145829
115.14726450709
115.144736404165
115.141826977755
115.13898404374
115.135971242437
115.132290866164
115.128612224912
115.125931857423
115.124376244231
115.123039490124
115.121246384338
115.118547550221
115.11556411292
115.111407016448
115.1067795121
115.101329573916
115.095201573517
115.089506774837
115.083111982296
115.076529449178
115.069392312942
115.070212435722
115.070178972609
115.069735399837
115.068275283783
115.06607025216
115.062196601501
115.058032897289
115.053651239602
115.04972688676
115.046338556698
115.04353730883
115.041483357929
115.040966415419
115.039448465719
115.036514513107
115.031963573985
115.026200383411
115.01992094163
115.014176172741
115.010866507577
115.009925577236
115.011582948204
115.014279211129
115.017489435992
115.021899294473
115.026470917212
115.030418916854
115.03299769444
115.032442670036
115.029251847866
115.024046806822
115.017725760911
115.01146989018
115.004830254042
114.999060533844
114.9934924872
114.988231145181
114.982561850069
114.976509896383
114.970722749628
114.964965651247
114.959835394106
114.959786442687
114.962044984866
114.964480322713
114.965963848041
114.965972028492
114.964804670068
114.967111902183
114.97207325271
114.977742948152
114.984312639616
114.991067143295
114.998901828619
115.006153332471
115.012495809591
115.017511028298
115.020455405997
115.022376674476
115.022735730351
115.023093139361
115.024005842752
115.025913359659
115.028944359438
115.032868052635
115.037448373028
115.042223049632
115.046374661159
115.049981480937
115.055244266514
115.060604974757
115.065809529721
115.070866150964
115.075670479393
115.080762327603
115.085150501081
115.089101016676
115.091565825859
115.093230227677
115.09319107205
115.092195893298
115.089883517006
115.086670414024
115.083606490225
115.080872680438
115.078623675796
115.077440278422
115.07540748623
115.072555757172
115.068840956301
115.064597584564
115.060107345068
115.05588912399
115.051735974402
115.048644281077
115.046000035173
115.0429220349
115.038995254861
115.033475568368
115.025354761343
115.01520910401
115.004095007535
114.991695959184
114.979073736934
114.966815259312
114.955175113411
114.944299604584
114.933808515241
114.922894721065
114.911333579148
114.898254615954
114.884607866154
114.881849884704
114.881051686907
114.881458213043
114.884176578294
114.888815323995
114.8939815975
114.899081911084
114.904124250629
114.908519009509
114.912066820175
114.919035709794
114.931453044287
114.942524132007
114.95176404022
114.959676508893
114.96548733882
114.969273560902
114.971546488962
114.973660988614
114.974829856561
114.974972213041
114.974658417182
114.974582959603
114.973115113896
114.970264073469
114.966121289071
114.961485593309
114.95743759281
114.956767977965
114.958494002251
114.96194901425
114.969372153949
114.977578247241
114.986181873584
114.994813346184
115.003158188939
115.010537157201
115.01786258168
115.024422257022
115.031420785895
115.037751679898
115.044253450771
115.049793655755
115.055242586638
115.058924782457
115.061081809764
115.061070010489
115.05942007637
115.056706292581
115.053002151666
115.049575646703
115.046935545466
115.045043088901
115.044275138824
115.04442302457
115.044692413885
115.044872878209
115.044433015004
115.044145003632
115.042379794163
115.039118671279
115.034410749357
115.033172709596
115.036708253396
115.039284212224
115.041385355324
115.042286067521
115.042835891752
115.044421401805
115.048340071454
115.050596262461
115.050855186663
115.049477034193
115.047452823423
115.044616434287
115.042161648456
115.040297148731
115.038808476151
115.038884652089
115.039972359723
115.041980078597
115.044075966789
115.045972980995
115.047468044039
115.048319409589
115.048268486516
115.047106701041
115.044578364586
115.041119866483
115.036844194349
115.031789519368
115.026457357591
115.025046209609
115.026172188686
115.025287982661
115.022119516805
115.016844555034
115.009778322111
115.002465893582
114.99595328464
114.989924097783
114.98444015279
114.985889320462
114.993137654392
114.999677057856
115.004995516378
115.008174486746
115.010451846466
115.012634554134
115.014504834587
115.016391004807
115.018501812619
115.02011553359
115.02186919924
115.024055060962
115.026550702623
115.029940970479
115.034362176191
115.039964568618
115.047184613458
115.053471556608
115.05709363254
115.058516457866
115.057492237091
115.054968919419
115.050870868227
115.045084140316
115.038577040548
115.031542473082
115.024760321555
115.017574300968
115.012525414245
115.01351282293
115.01508696784
115.01745112073
115.020382501228
115.024466879936
115.028466867785
115.033055601673
115.037408792124
115.040896089048
115.04297153417
115.043059411401
115.04136711839
115.041798802839
115.041027687427
115.038284985958
115.033357590496
115.026966467386
115.020653588022
115.015782673202
115.01410115181
115.015075832989
115.017873973935
115.020704220609
115.021141964586
115.016740510484
115.006957964562
114.991581271611
114.972417743966
114.952775378473
114.935304032989
114.922572593082
114.914621602974
114.918660250927
114.929189122693
114.941519271205
114.953704097204
114.965010536201
114.975636119784
114.98377922316
114.989139525489
114.991925488926
114.992577419229
114.990103941601
114.9847697837
114.987631315646
114.989465029738
114.990196998225
114.990406305657
114.9896921686
114.989867896943
114.990188383813
114.991500111935
114.993031221305
114.994698284828
114.9949619962
114.9950605894
114.999170372878
115.003626075934
115.007682937365
115.010612546288
115.01309003428
115.013448857292
115.011744885871
115.007758246467
115.000576996233
114.991748951606
114.981828056649
114.977986501317
114.977317083104
114.979012358165
114.980618727935
114.981413160116
114.982297449951
114.982666057372
114.983599343554
114.985019109116
114.991549135501
114.998666456207
115.005779483297
115.012901161414
115.018480390596
115.022849409696
115.024709768809
115.025331304398
115.026954798595
115.030874501988
115.034086505367
115.036487570202
115.038399381747
115.039812216014
115.040671853661
115.041763139042
115.047669797448
115.055096529278
115.062442286288
115.069299389656
115.075094232564
115.080809230169
115.0855996565
115.090199398706
115.094823219138
115.099433647994
115.104068530763
115.108811852906
115.113422123656
115.117214718473
115.119499316866
115.120638132338
115.119989429679
115.118762188316
115.126520078483
115.135255534123
115.143632001356
115.152444427364
115.160183558694
115.166818850791
115.173358601461
115.178656542904
115.183177039499
115.186932305366
115.191728450675
115.197287807969
115.202794795005
115.207713492368
115.211525429349
115.214212768723
115.21634349246
115.218511825791
115.220654777511
115.223574273813
115.226995729061
115.230885104392
115.235291610279
115.240108904226
115.244733042103
115.248913283182
115.253705335422
115.259530581909
115.264983797029
115.269333860818
115.27315207424
115.275817489954
115.278451706502
115.280006136326
115.283567407015
115.29408595547
115.304376729477
115.314395764574
115.324365232554
115.33375717133
115.34162657808
115.347512538904
115.351241631608
115.353622617855
115.354449498772
115.354134821243
115.353114199492
115.351892942876
115.351292684781
115.351483617915
115.351624867384
115.351176724049
115.3493111151
115.346026851145
115.348996864329
115.351341237729
115.352358571526
115.351992537952
115.35024853492
115.348422998868
115.345997448481
115.343308621824
115.340071366067
115.335743665043
115.329954073157
115.323540260174
115.316732455808
115.309710026569
115.302250354606
115.294650323973
115.287461689143
115.281598688173
115.27695822219
115.27272369431
115.267882959058
115.262260687006
115.255723935146
115.248426282301
115.245256088321
115.243090311417
115.241694775415
115.241279728135
115.242825653752
115.243966478021
115.244310439275
115.242111918559
115.237659823406
115.230460443831
115.224063026366
115.21756707966
115.209925953443
115.202417604733
115.195853758136
115.190130095548
115.18487468561
115.180387609194
115.177179599803
115.175145934517
115.174651461917
115.175059087367
115.175827972377
115.176453020259
115.176600878093
115.174985467494
115.171311751809
115.166928532566
115.16281587077
115.159338169582
115.156642739388
115.154803235341
115.153962011685
115.153705095417
115.154016104501
115.155122664753
115.156013734513
115.15637388076
115.156511782886
115.156471305196
115.156206402064
115.155717747546
115.155219979032
115.153758486438
115.151542353621
115.148830937432
115.145871717872
115.143184163732
115.14084176887
115.138631068037
115.136138452095
115.133538844873
115.131368344758
115.129264192984
115.127282584262
115.12587400492
115.12466935008
115.123585134864
115.122353902475
115.12003072727
115.116309086082
115.110308269268
115.102580794948
115.093797810539
115.084554095295
115.075985310363
115.0694935
115.066618389074
115.066231818397
115.067315387171
115.069037167432
115.070212435722
115.070178972609
115.068874765322
115.065665621904
115.06061161521
115.054707117014
115.04831226523
115.042995683358
115.04175489437
115.041421150438
115.040966415419
115.040647760507
115.039193324402
115.037333330217
115.033478801069
115.028393996451
115.021642720258
115.018122026266
115.02046921389
115.022702523436
115.024531252544
115.026990197788
115.028770146562
115.029953447018
115.031628098221
115.032718264588
115.03299769444
115.032442670036
115.030882775898
115.027406611818
115.021968107662
115.015342846614
115.006812309638
114.997495312391
114.987423043671
114.977572534744
114.971059873132
114.965764378804
114.961597173924
114.95913150938
114.959656258416
114.961707975784
114.963631295779
114.965449847872
114.965963848041
114.965972028492
114.964599881514
114.963458045734
114.962491223347
114.967165335622
114.97514199568
114.984703854283
114.994651409311
115.004016389402
115.01185119818
115.017510801032
115.021094943468
115.022593461007
115.026668820346
115.03198815256
115.03629523215
115.040410317416
115.043872620027
115.047094537139
115.050049527142
115.052779448695
115.055793834104
115.060001106716
115.065904668757
115.072501299336
115.078811306878
115.084212138957
115.088904901218
115.091949420798
115.093230227677
115.09319107205
115.091550158864
115.089549707599
115.087500027233
115.085422358745
115.083568822061
115.081458720945
115.079736910021
115.078764078193
115.078143321306
115.077173338048
115.075921603229
115.07358678193
115.069574724392
115.063058793883
115.053621445252
115.041728760203
115.0306140497
115.021209531765
115.011564109789
115.000765263739
114.98921078755
114.975772224385
114.961134201956
114.944813670542
114.928129167592
114.91166452244
114.897084121121
114.886275158088
114.881999879473
114.881066639854
114.882073935387
114.883739712814
114.884033395889
114.882611671343
114.881985923281
114.884890645414
114.889369310836
114.894944186921
114.900924168993
114.906558037991
114.911447895109
114.915371446069
114.917194032037
114.917108028475
114.91699189572
114.918174531938
114.92254696846
114.929615892924
114.939573872244
114.949898548597
114.959340813542
114.967228047476
114.97268155165
114.974972213041
114.974658417182
114.972811014681
114.970121164874
114.966614443426
114.963553016343
114.960505412215
114.957923586875
114.956584713038
114.957352340303
114.959407924132
114.963195932305
114.967819488237
114.973292458817
114.979784461805
