107.1567363623
107.158392175513
107.158352605016
107.158019475429
107.155611681133
107.151952450538
107.14833791955
107.144571016845
107.14198398654
107.139463148705
107.13693458401
107.134065728384
107.129445109121
107.123018111104
107.114519132522
107.104279506953
107.09348337546
107.083670599366
107.075390429346
107.072623123355
107.073377859728
107.0737215817
107.072982642588
107.069820587428
107.064402243649
107.056057353228
107.046336776455
107.036702676387
107.031336857245
107.029518813513
107.028619588684
107.028771651953
107.029684872686
107.030957283653
107.032319645801
107.03353767221
107.034689674098
107.036087639467
107.038021469178
107.040618592474
107.043740724857
107.046821470621
107.050112816011
107.053155881203
107.055398084184
107.056702066655
107.056129969588
107.053723099744
107.04942527733
107.043665263411
107.037412544298
107.029589800144
107.020574259048
107.012574353747
107.010128459598
107.00713306968
107.00385564076
107.000124039232
106.996785614524
106.992526740194
106.98850434254
106.984840319085
106.982449371246
106.979807096916
106.977077199442
106.97400550711
106.970652418243
106.967065803525
106.963087416058
106.958731884545
106.953148926588
106.947575915418
106.942020276549
106.93651936681
106.931416142017
106.927099694505
106.923510941587
106.925220236952
106.928733138969
106.931007184006
106.932521845409
106.933882578503
106.93455147549
106.935648289874
106.936301203549
106.935952612556
106.934969405104
106.93215502718
106.927762856521
106.921237643236
106.913156833157
106.906461998665
106.901508801297
106.897214814482
106.893948962344
106.891645962908
106.890625928599
106.890706552866
106.891448669707
106.894072151229
106.897558388415
106.900442935909
106.902765715764
106.905056377148
106.90696210914
106.909031200505
106.910893402598
106.912349845273
106.91342756214
106.913316693456
106.912070911568
106.911395183092
106.910264159985
106.908893222809
106.907724175579
106.906656008595
106.905941789886
106.905301688259
106.904551297919
106.903833370205
106.903612663418
106.904424099088
106.906456244836
106.90939617927
106.912819787061
106.916930568162
106.921722737132
106.926583614665
106.930688601417
106.93462833204
106.938120147767
106.941314334306
106.944284385543
106.946733448361
106.948475799535
106.949927440907
106.95197572644
106.954177136728
106.956751474551
106.959254146187
106.96194638868
106.964127116357
106.965335093093
106.965627969224
106.965216780243
106.964897133522
106.964603062235
106.964360498123
106.963774683896
106.963021577455
106.961826669261
106.960801316739
106.959365502468
106.957700103917
106.955770454618
106.953981810688
106.952233065979
106.950207645591
106.948231294185
106.946153192724
106.943981874055
106.941737126129
106.940123009331
106.939244704215
106.93849925712
106.937594923611
106.936486339848
106.935015621757
106.933577237117
106.932548121653
106.932505668021
106.932676581568
106.933050127691
106.933262104525
106.933438979367
106.933151114919
106.931929784506
106.930800475963
106.929206607772
106.928010561352
106.930441861157
106.932603382843
106.933692748547
106.934242276087
106.933750590977
106.932750332913
106.931399869365
106.929625031794
106.928090753661
106.926910945127
106.926548978284
106.926667574662
106.927307059736
106.928425507806
106.930232360702
106.932569374267
106.93515483306
106.938033129833
106.941159095773
106.94446738624
106.947688184209
106.950072684164
106.951436953871
106.951956330875
106.9520901266
106.951246159581
106.950104563404
106.948476543185
106.947015492808
106.950331236932
106.954709318085
106.959137607263
106.963476602898
106.967864690811
106.971642745851
106.975851342487
106.979626554365
106.983243897773
106.98614683214
106.988557350388
106.99076650801
106.992804313977
106.994148808009
106.994826931747
106.99424341327
106.993427826205
106.991925991103
106.990479530211
106.988409156009
106.985740699044
106.982765988289
106.978989968342
106.975059501579
106.970755132227
106.969303714695
106.971479646408
106.974516858885
106.97834043705
106.982906892976
106.987368545245
106.991542151795
106.995379731842
106.999626538079
107.004341640934
107.01009786628
107.017278057287
107.026763643465
107.039195525074
107.053079919324
107.066990953091
107.08020894072
107.092401360509
107.103375590107
107.112753773789
107.120581637683
107.127190910081
107.131832748549
107.134928988474
107.136401261625
107.136172343828
107.134955061016
107.132635440277
107.129878706161
107.12711417969
107.124449356173
107.122297340505
107.120821803073
107.12054244367
107.121143482686
107.121688269746
107.121969019452
107.121953353829
107.121921764462
107.121669374544
107.121226033186
107.120561810917
107.119441620252
107.118783990731
107.118151419651
107.118235788087
107.118685026458
107.119363270517
107.120399730546
107.121583468889
107.123611073444
107.127054150836
107.138141724684
107.149287357881
107.159337889244
107.168907446469
107.176712548114
107.182701817705
107.187496970076
107.190883870879
107.192816147574
107.19435113697
107.203816895593
107.213347385181
107.222370714957
107.230174379407
107.236289567892
107.241331146034
107.245699923482
107.249261173378
107.252144320083
107.254723127506
107.256229275691
107.256789928192
107.257253658059
107.258509481156
107.259144561504
107.259342031061
107.258660672211
107.257125872426
107.255222500756
107.252065171144
107.24849147247
107.243858686509
107.238883511564
107.23442110226
107.231067141287
107.229207050138
107.228173429531
107.228297714493
107.229745750511
107.231413217301
107.233850938945
107.237672116419
107.24020167694
107.241577521973
107.243131587959
107.245240622052
107.247780981923
107.251059736418
107.259227562288
107.270241603202
107.281456134451
107.292147903303
107.300861883352
107.307109408423
107.312741747282
107.317097679235
107.320257883601
107.321785550014
107.322408119283
107.322590250091
107.322089453015
107.320184498251
107.324327820836
107.331128755124
107.337376792285
107.343628020162
107.349991860583
107.356600551146
107.362569771252
107.367949073757
107.371723958732
107.374512761229
107.375846767003
107.376023759271
107.375480913123
107.374010938752
107.371977057393
107.36982977298
107.367409924372
107.364855494408
107.367117901759
107.370900463204
107.372862922601
107.373756287369
107.374229335183
107.374001089151
107.372967151102
107.371726182706
107.368960846002
107.363760753815
107.356261505895
107.346372432039
107.335332948011
107.325544503232
107.317768757254
107.317954639147
107.322345819662
107.328467210336
107.33500907022
107.340053778509
107.342768899723
107.342672721621
107.340582698238
107.337650664381
107.335452884674
107.335759053868
107.340035799512
107.344834545154
107.349843772214
107.353837846301
107.355474758087
107.355042638812
107.353092554958
107.350387008039
107.347170511469
107.344185678567
107.34115640739
107.338462733451
107.335383165079
107.332775283385
107.331491768388
107.329006148714
107.325799012246
107.322756319607
107.320015027276
107.316958193081
107.313579625249
107.309023415717
107.302962854135
107.295435846306
107.28691628671
107.278485415882
107.270762471427
107.264862805656
107.261554142661
107.261386979689
107.261901854522
107.261843460656
107.261094121107
107.258590026744
107.254243656421
107.24830051156
107.241475563397
107.234675687648
107.228197232151
107.223708671842
107.222955393388
107.224839138618
107.227525722729
107.230214480183
107.231923487205
107.231737090435
107.229203461096
107.22340289478
107.214672945753
107.20419272605
107.192492816617
107.181162536161
107.170766241258
107.162139541541
107.155652324857
107.151734691359
107.150431363359
107.150965327264
107.151842852043
107.152804798964
107.153984284097
107.154921463759
107.154608801097
107.153740236629
107.153365233593
107.153728822945
107.154089922621
107.154151485424
107.152788243614
107.148895267116
107.142680750824
107.134525097467
107.125982768775
107.118542427724
107.11341764484
107.110841899655
107.111125379315
107.113710553048
107.117855548098
107.122660271063
107.127580492502
107.13371661903
107.141247780412
107.148185629586
107.154538483527
107.160273369777
107.163569712908
107.165337867977
107.165777496877
107.165624239536
107.165125647845
107.164287537343
107.163422072869
107.162836129517
107.163081377307
107.164488779642
107.166295109694
107.168290697383
107.169133532738
107.169283414702
107.167643648655
107.164956729536
107.160982960866
107.157422530044
107.154400265093
107.152811854845
107.151625343846
107.15302130252
107.156737687854
107.158392175513
107.158236716436
107.156119782535
107.152041960509
107.146975144068
107.141014797963
107.135566647918
107.131183551059
107.124836496165
107.117874269048
107.110349025347
107.103113888171
107.095704999492
107.089958182222
107.085003929081
107.080572106569
107.07541060465
107.0737215817
107.072158848072
107.068851828215
107.064402035452
107.059631876783
107.054487297276
107.049161493296
107.045440161031
107.042542707337
107.039509924357
107.036869813359
107.033114095645
107.029130504812
107.030519325189
107.032133166689
107.033346745621
107.034333413102
107.035001796608
107.0373369957
107.041473904272
107.046005684905
107.050178350295
107.053667679425
107.055972419545
107.056702066655
107.055512541722
107.052286519012
107.046729548644
107.039593402826
107.031573085267
107.024878547014
107.020167049929
107.017390966827
107.016113731044
107.015376403269
107.014070430363
107.012380105908
107.009635084723
107.00556429002
107.000534925342
106.995120186226
106.990741066134
106.987698971369
106.985232554093
106.982772865731
106.980380495223
106.977603003212
106.974603320284
106.970676277272
106.965360250256
106.959308264405
106.95231946854
106.946006201556
106.940085034129
106.934355697121
106.929136475902
106.925747666293
106.923359713665
106.922133112949
106.922450853501
106.923913940904
106.926417129895
106.929125021729
106.932384812807
106.934742869534
106.936301203549
106.935827003957
106.933289230897
106.929792092614
106.925734862349
106.922207425482
106.919104434498
106.916123499512
106.912366949873
106.908165019827
106.902310706826
106.895743659871
106.89132645533
106.891993239164
106.892722161618
106.893943306589
106.895826950181
106.898420653947
106.901537049525
106.904850254793
106.908091403797
106.910791675178
106.912457937364
106.91342756214
106.913316693456
106.912834756764
106.912052518204
106.911926647587
106.911395183092
106.91092832309
106.909881759978
106.908431419062
106.90695298056
106.905779966813
106.904769870658
106.903833370205
106.904300011508
106.907694727493
106.91193590116
106.916199834692
106.919998309002
106.923364795756
106.926603801454
106.929968438499
106.932948866726
106.935746877787
106.938783078442
106.941740354554
106.944441435666
106.946602462258
106.948196485039
106.94950365425
106.950917661114
106.953338093621
106.956253670376
106.959325317525
106.961664950401
106.963477832477
106.964934769374
106.965335093093
106.965627969224
106.965309156394
106.965216780243
106.964897133522
106.964748107556
106.964603062235
106.964187229827
106.963211005665
106.962064452469
106.960996985208
106.959702347913
106.95842643118
106.957046758519
106.955431559195
106.953635160531
106.951455498666
106.948933667444
106.946420812988
106.943821741801
106.941475933376
106.939773345427
106.939013869348
106.938348968062
106.937361736457
106.936092364835
106.934737294824
106.933334342735
106.932548121653
106.932505668021
106.932676581568
106.933050127691
106.933438979367
106.933151114919
106.932112592312
106.930474136523
106.928903806917
106.927781357694
106.927560683123
106.928688822941
106.930449951037
106.93213522528
106.933692748547
106.934242276087
106.933750590977
106.932680375388
106.931160337957
106.929188409219
106.927393123299
106.926670776242
106.926661332155
106.927521348607
106.929063943877
106.931642368225
106.934386427628
106.937338648586
106.940172238831
106.94318466431
106.945973634637
106.948600444889
106.950892237937
106.951956330875
106.9520901266
106.951246159581
106.95025798607
106.94912641884
106.947798556335
106.94658618825
106.946325355782
106.947699681054
106.951103213494
106.955761748452
106.960904023757
106.967296386659
106.973393987435
106.979027088566
106.98371932407
106.98705355048
106.989517454345
106.991216899076
106.992634008351
106.994015334534
106.994826931747
106.99424341327
106.992148929124
106.988783392042
106.984722601664
106.98035610217
106.975968715299
106.97192532375
106.969249474272
106.968164041276
106.9682776687
106.9715183166
106.975084978443
106.978292218106
106.981280878644
106.983915360654
106.986816611137
106.998019643449
107.009296896034
107.020616664971
107.03139577166
107.041477547636
107.050933170414
107.059512985713
107.06777428921
107.075676743177
107.083560949324
107.091753731425
107.099634620582
107.107556474591
107.114414257976
107.121030838347
107.126000778505
107.13037041433
107.13350197208
107.135843740922
107.136401261625
107.135960824198
107.134239943776
107.132229622089
107.129646263373
107.126715529785
107.123781207374
107.121164014592
107.12054244367
107.120886404852
107.121688269746
107.121969019452
107.121931221833
107.121953353829
107.121921764462
107.121669374544
107.120825618015
107.119440772352
107.118235788087
107.119820028379
107.123575487567
107.127275201835
107.130269138888
107.133079486861
107.136683133257
107.140750922645
107.145940120631
107.152309496845
107.159735738807
107.167979683994
107.176047258078
107.183709751547
107.189863941416
107.193641736425
107.195069940387
107.194471137585
107.193282617203
107.1929798533
107.194827503308
107.199790174239
107.20794973185
107.218109134118
107.229458174173
107.240231197115
107.248622584253
107.253586031248
107.255962580492
107.256789928192
107.25683810498
107.257253658059
107.257858710418
107.259042237152
107.259342031061
107.258861908191
107.2573782859
107.254642705873
107.250447009673
107.245347644484
107.239974379584
107.23373795964
107.228396565026
107.229574315573
107.231039048403
107.232218196762
107.232923514322
107.234043910255
107.235335359029
107.237139943114
107.239172060121
107.241037666308
107.243450503525
107.250575311399
107.257695503012
107.263766358369
107.269072271577
107.273583940081
107.279040706857
107.285420325271
107.293181068752
107.301569090237
107.310186553231
107.317646146725
107.322408119283
107.322590250091
107.319211248298
107.314112659806
107.309670588504
107.307242235209
107.308285549779
107.314182186887
107.323266052199
107.334315313977
107.345481876102
107.354945734103
107.361279758945
107.366028901139
107.370330518473
107.373332421879
107.375086607061
107.375846767003
107.376023759271
107.375040569339
107.372450189932
107.369081096206
107.36641799926
107.364549621619
107.363738541668
107.363312550863
107.363114869251
107.364153494999
107.366414471319
107.370195566488
107.373222259436
107.374229335183
107.37311772856
107.369525353525
107.363921864506
107.356956164217
107.349898043541
107.342912602793
107.337350165669
107.332249805165
107.33445801343
107.339503550309
107.342267139001
107.342768899723
107.342231423996
107.340258401556
107.338101988583
107.336379942765
107.335212867839
107.335437106052
107.338254705892
107.341853642252
107.345924432431
107.349837663163
107.352902936339
107.355169805588
107.355474758087
107.354593398545
107.351797367424
107.347248935594
107.341762876263
107.336685783977
107.334383817217
107.33308541037
107.332598891663
107.33189859594
107.330646799726
107.328694512198
107.325626497287
107.321612727823
107.316620939075
107.311665027255
107.306405065575
107.301222862275
107.295661113679
107.290055340039
107.284348229594
107.278692176519
107.273132547047
107.267861420396
107.263371685185
107.261901854522
107.261843460656
107.260557114061
107.258027524488
107.253929699582
107.249181422033
107.243457498171
107.238106124618
107.232543970496
107.227465112528
107.228887247775
107.231317831142
107.231923487205
107.231667472439
107.229843867551
107.226724686332
107.223431058434
107.219639261605
107.215327439078
107.210873287372
107.206916889784
107.202311035334
107.196984494032
107.191608625665
107.18542085473
107.177863774862
107.17017359494
107.161846627034
107.153010133898
107.153859676249
107.154678358535
107.154921463759
107.154608801097
107.153508532499
107.153728822945
107.154089922621
107.154151485424
107.15352537812
107.152355204966
107.150941501277
107.148390394262
107.144703335706
107.140685546121
107.135624943414
107.129283633185
107.122785988475
107.126526597844
107.129204237909
107.13188798681
107.134164094035
107.136996634749
107.140625564866
107.144774249183
107.149183376618
107.153348547622
107.157974880375
107.161582051426
107.164193738503
107.165337867977
107.165777496877
107.165624239536
107.164924946078
107.163916874571
107.162865132591
107.164898086521
107.167182787286
107.168827548028
107.169283414702
107.168038237995
107.165251452574
107.161070636238
107.15596136621
107.151253683386
107.150982159243
107.151393513952
107.152850364552
107.154555613035
