23.8362121582031
23.8209533691406
23.8140869140625
23.8030242919922
23.8030242919922
23.7900543212891
23.7816619873047
23.7755584716797
23.7946319580078
23.7614440917969
23.7618255615234
23.7736511230469
23.7831878662109
23.7786102294922
23.7763214111328
23.7885284423828
23.8129425048828
23.8064575195313
23.7934875488281
23.7889099121094
23.7931060791016
23.7973022460938
23.8209533691406
23.8766479492188
23.8934326171875
23.8705444335938
23.8652038574219
23.8468933105469
23.8228607177734
23.8289642333984
23.8335418701172
23.8213348388672
23.8369750976563
23.8491821289063
23.8503265380859
23.8636779785156
23.8495635986328
23.8144683837891
23.8129425048828
23.8224792480469
23.8144683837891
23.8201904296875
23.7877655029297
23.8472747802734
23.8488006591797
23.8468933105469
23.84765625
23.8358306884766
23.8350677490234
23.8533782958984
23.85986328125
23.8545227050781
23.8575744628906
23.8816070556641
23.8926696777344
23.9300537109375
23.8873291015625
23.8743591308594
23.8674926757813
23.8751220703125
23.8739776611328
23.8800811767578
23.8880920410156
23.8869476318359
23.9342498779297
23.9502716064453
23.9254760742188
23.9300537109375
23.9342498779297
23.9132690429688
23.9010620117188
23.9010620117188
23.9002990722656
23.8884735107422
23.8789367675781
23.8755035400391
23.8686370849609
23.8724517822266
23.8873291015625
23.9125061035156
23.9350128173828
23.9346313476563
23.8919067382813
23.8694000244141
23.9014434814453
23.9277648925781
23.9273834228516
23.9178466796875
23.9014434814453
23.9014434814453
23.8735961914063
23.9388275146484
23.9334869384766
23.9254760742188
23.9506530761719
23.9601898193359
23.9548492431641
23.9353942871094
23.93310546875
23.9235687255859
23.9155578613281
23.9178466796875
23.9304351806641
23.9464569091797
23.9476013183594
23.9579010009766
23.9582824707031
23.9617156982422
23.9666748046875
23.9682006835938
23.9544677734375
23.9449310302734
23.9476013183594
23.9613342285156
23.9697265625
23.9769744873047
23.9678192138672
23.9891815185547
23.994140625
23.9720153808594
23.9743041992188
23.994140625
24.0055847167969
24.0097808837891
24.0235137939453
24.0296173095703
24.0349578857422
24.0410614013672
24.0319061279297
24.0322875976563
24.0563201904297
24.0715789794922
24.0544128417969
24.0074920654297
23.9674377441406
23.9765930175781
24.00634765625
24.0170288085938
24.0097808837891
24.0326690673828
24.0517425537109
24.05517578125
24.0372467041016
24.0322875976563
24.0082550048828
24.0139770507813
24.0101623535156
24.0025329589844
23.9735412597656
23.9659118652344
23.9876556396484
24.0067291259766
24.0059661865234
24.0048217773438
23.9907073974609
23.9857482910156
23.9964294433594
24.0021514892578
23.9956665039063
23.9311981201172
23.9304351806641
23.9567565917969
24.0208435058594
24.0296173095703
24.000244140625
23.9983367919922
23.9949035644531
23.9460754394531
23.9338684082031
23.9662933349609
23.9807891845703
24.0158843994141
24.0258026123047
24.012451171875
23.9605712890625
23.9823150634766
23.9609527587891
23.9617156982422
23.9586639404297
24.0078735351563
24.0105438232422
24.0093994140625
23.9823150634766
23.9701080322266
23.9704895019531
23.9846038818359
23.9899444580078
23.9750671386719
23.9609527587891
23.9712524414063
23.9712524414063
23.9628601074219
23.9849853515625
24.0044403076172
23.9708709716797
23.9407348632813
23.9262390136719
23.9189910888672
23.9254760742188
23.9376831054688
23.9479827880859
23.9197540283203
23.9014434814453
23.9125061035156
23.9262390136719
23.9346313476563
23.9178466796875
23.8961029052734
23.9231872558594
23.9414978027344
23.9384460449219
23.9594268798828
23.9720153808594
23.9300537109375
23.8381195068359
23.8163757324219
23.8518524169922
23.8789367675781
23.8949584960938
23.8686370849609
23.8579559326172
23.8491821289063
23.8396453857422
23.8316345214844
23.8396453857422
23.8381195068359
23.8404083251953
23.8388824462891
23.8449859619141
23.8400268554688
23.8213348388672
23.8274383544922
23.8213348388672
23.8152313232422
23.8308715820313
23.8201904296875
23.8186645507813
23.7969207763672
23.8179016113281
23.8072204589844
23.8007354736328
23.7782287597656
23.7816619873047
23.7736511230469
23.7843322753906
23.792724609375
23.8037872314453
23.8217163085938
23.8114166259766
23.7854766845703
23.7324523925781
23.6710357666016
23.6504364013672
23.71337890625
23.7801361083984
23.7648773193359
23.7473297119141
23.7591552734375
23.7816619873047
23.8022613525391
23.7946319580078
23.7751770019531
23.7564849853516
23.7461853027344
23.7423706054688
23.7435150146484
23.7522888183594
23.7572479248047
23.7889099121094
23.7782287597656
23.7759399414063
23.7713623046875
23.7686920166016
23.7816619873047
23.7786102294922
23.7797546386719
23.7915802001953
23.7854766845703
23.7725067138672
23.7767028808594
23.7934875488281
23.8034057617188
23.7969207763672
23.8003540039063
23.8037872314453
23.8217163085938
23.8186645507813
23.8079833984375
23.78662109375
23.7759399414063
23.7717437744141
23.7965393066406
23.7999725341797
23.8205718994141
23.8133239746094
23.8190460205078
23.8095092773438
23.8087463378906
23.7820434570313
23.7812805175781
23.7946319580078
23.8098907470703
23.8179016113281
23.8182830810547
23.7938690185547
23.7919616699219
23.792724609375
23.8014984130859
23.8133239746094
23.8217163085938
23.8209533691406
23.8137054443359
23.8186645507813
23.8220977783203
23.8148498535156
23.8095092773438
23.8148498535156
23.8209533691406
23.8304901123047
23.8308715820313
23.8362121582031
23.8350677490234
23.8407897949219
23.8453674316406
23.8541412353516
23.8617706298828
23.8621520996094
23.8606262207031
23.8499450683594
23.8434600830078
23.8541412353516
23.8610076904297
23.8644409179688
23.8606262207031
23.8499450683594
23.8434600830078
23.8503265380859
23.8503265380859
23.8529968261719
23.8579559326172
23.8674926757813
23.8652038574219
23.8632965087891
23.85986328125
23.8610076904297
23.8648223876953
23.8850402832031
23.9006805419922
23.8919067382813
23.8793182373047
23.8838958740234
23.8968658447266
23.9041137695313
23.8945770263672
23.8953399658203
23.9014434814453
23.9132690429688
23.9186096191406
23.9159393310547
23.914794921875
23.9136505126953
23.9338684082031
23.9468383789063
23.9556121826172
23.9380645751953
23.9281463623047
23.9136505126953
23.9125061035156
23.9247131347656
23.9605712890625
23.975830078125
23.9929962158203
23.9678192138672
23.9685821533203
23.9651489257813
23.9994812011719
23.9739227294922
23.9357757568359
23.9132690429688
23.9296722412109
23.9434051513672
23.9445495605469
23.9125061035156
23.9468383789063
23.9563751220703
23.9628601074219
23.9815521240234
23.9945220947266
23.9987182617188
23.9823150634766
23.9807891845703
23.9712524414063
23.9926147460938
24.0048217773438
24.0185546875
24.0208435058594
24.0044403076172
23.9918518066406
23.9945220947266
23.9929962158203
23.9914703369141
24.0029144287109
24.0273284912109
24.0296173095703
24.0292358398438
24.0193176269531
24.0269470214844
24.0311431884766
23.9754486083984
24.0093994140625
24.0128326416016
24.0078735351563
24.0059661865234
24.0132141113281
24.0189361572266
24.0296173095703
24.0265655517578
24.0189361572266
24.0044403076172
23.9914703369141
23.9830780029297
23.9834594726563
23.9903259277344
23.9910888671875
23.9910888671875
23.9895629882813
23.9785003662109
23.9682006835938
23.9682006835938
23.975830078125
23.9731597900391
23.9617156982422
23.9491271972656
23.9476013183594
23.9594268798828
23.9617156982422
23.9594268798828
23.9685821533203
23.9678192138672
23.9605712890625
23.9613342285156
23.9620971679688
23.9723968505859
23.9815521240234
23.9903259277344
24.0143585205078
24.0109252929688
23.9914703369141
23.9876556396484
24.0040588378906
24.0040588378906
23.9949035644531
23.9834594726563
23.9800262451172
23.9849853515625
24.0116882324219
24.0181732177734
24.0361022949219
24.0319061279297
24.0185546875
24.0029144287109
24.0025329589844
24.0109252929688
24.0231323242188
24.0261840820313
24.0231323242188
24.0185546875
24.0250396728516
24.0364837646484
24.0311431884766
24.0074920654297
24.0052032470703
24.0029144287109
24.0021514892578
23.9990997314453
24.0010070800781
23.98193359375
23.9807891845703
23.9842224121094
23.9804077148438
23.9708709716797
23.9567565917969
23.9750671386719
23.9838409423828
23.9937591552734
23.9914703369141
23.9781188964844
23.9765930175781
23.9674377441406
23.9773559570313
23.9903259277344
23.9685821533203
23.9762115478516
23.9945220947266
24.0029144287109
23.9922332763672
23.9884185791016
23.9720153808594
23.9670562744141
23.9830780029297
24.000244140625
23.9788818359375
23.9643859863281
23.9609527587891
23.9601898193359
23.9716339111328
23.9689636230469
23.9682006835938
23.9594268798828
23.9407348632813
23.9266204833984
23.9304351806641
23.9388275146484
23.9426422119141
23.9609527587891
23.9678192138672
23.9567565917969
23.9327239990234
23.9453125
23.9537048339844
23.9437866210938
23.927001953125
23.9300537109375
23.9346313476563
23.9258575439453
23.9075469970703
23.9014434814453
23.8991546630859
23.9064025878906
23.9125061035156
23.9170837402344
23.9159393310547
23.9010620117188
23.8861846923828
23.8854217529297
23.8953399658203
23.9098358154297
23.9140319824219
23.9002990722656
23.9079284667969
23.9289093017578
23.9315795898438
23.9220428466797
23.9296722412109
23.9308166503906
23.9208984375
23.9052581787109
23.896484375
23.8838958740234
23.8755035400391
23.8873291015625
23.8861846923828
23.8789367675781
23.8709259033203
23.8770294189453
23.8796997070313
23.8831329345703
23.8808441162109
23.8739776611328
23.8720703125
23.8732147216797
23.8625335693359
23.8545227050781
23.8743591308594
23.9197540283203
23.9342498779297
23.9205169677734
23.8823699951172
23.8674926757813
23.8648223876953
23.8697814941406
23.9010620117188
23.9048767089844
23.8861846923828
23.8777923583984
23.88427734375
23.8816070556641
23.8743591308594
23.8732147216797
23.8739776611328
23.8808441162109
23.8705444335938
23.8381195068359
23.829345703125
23.8392639160156
23.8312530517578
23.8011169433594
23.7976837158203
23.7995910644531
23.8148498535156
23.8217163085938
23.8255310058594
23.8232421875
23.8201904296875
23.8259124755859
23.8327789306641
23.853759765625
23.8488006591797
23.8343048095703
23.8316345214844
23.8388824462891
23.8385009765625
23.829345703125
23.8270568847656
23.8156127929688
23.8018798828125
23.7850952148438
23.780517578125
23.7717437744141
23.7782287597656
23.7782287597656
23.7969207763672
23.7843322753906
23.7747955322266
23.7664031982422
23.817138671875
23.8262939453125
23.8465118408203
23.8327789306641
23.8030242919922
23.7332153320313
23.707275390625
23.7191009521484
23.7633514404297
23.8041687011719
23.8560485839844
23.8674926757813
23.8564300537109
23.8617706298828
23.8655853271484
23.8468933105469
23.8240051269531
23.8144683837891
23.8179016113281
23.8003540039063
23.7858581542969
23.7717437744141
23.7698364257813
23.7656402587891
23.7728881835938
23.7728881835938
23.7728881835938
23.7782287597656
23.7839508056641
23.7885284423828
23.7980651855469
23.8087463378906
23.7877655029297
23.8102722167969
23.8117980957031
23.8129425048828
23.7759399414063
23.7892913818359
23.780517578125
23.7812805175781
23.8133239746094
23.83544921875
23.8167572021484
23.7595367431641
23.7469482421875
23.7675476074219
23.8045501708984
23.8198089599609
23.8220977783203
23.8282012939453
23.8358306884766
23.841552734375
23.8396453857422
23.8331604003906
23.8037872314453
23.7911987304688
23.8114166259766
23.8388824462891
23.8514709472656
23.8224792480469
23.7820434570313
23.7725067138672
23.7835693359375
23.7725067138672
23.7755584716797
23.7782287597656
23.7782287597656
23.7644958496094
23.7606811523438
23.7675476074219
23.7602996826172
23.7870025634766
23.7721252441406
23.7694549560547
23.7679290771484
23.7644958496094
23.7618255615234
23.7652587890625
23.7671661376953
23.7633514404297
23.7599182128906
23.7652587890625
23.7644958496094
23.7602996826172
23.7587738037109
23.7602996826172
23.7507629394531
23.7389373779297
23.7328338623047
23.7335968017578
23.7442779541016
23.7442779541016
23.7416076660156
23.7477111816406
23.7602996826172
23.7450408935547
23.7404632568359
23.7351226806641
23.7252044677734
23.7290191650391
23.7412261962891
23.7488555908203
23.7366485595703
23.7259674072266
23.7248229980469
23.7263488769531
23.7335968017578
23.7335968017578
23.7191009521484
23.7160491943359
23.7255859375
23.7454223632813
23.7248229980469
23.7152862548828
23.7213897705078
23.7244415283203
23.719482421875
23.7129974365234
23.7110900878906
23.7084197998047
23.7145233154297
23.7137603759766
23.7095642089844
23.7053680419922
23.7007904052734
23.7206268310547
23.7202453613281
23.7164306640625
23.7053680419922
23.7122344970703
23.7183380126953
23.7019348144531
23.6923980712891
23.6840057373047
23.6862945556641
23.6931610107422
23.6920166015625
23.68896484375
23.7046051025391
23.7110900878906
23.7080383300781
23.6946868896484
23.6840057373047
23.6946868896484
23.6859130859375
23.6698913574219
23.6573028564453
23.658447265625
23.6656951904297
23.6717987060547
23.6836242675781
23.6840057373047
23.6862945556641
23.6756134033203
23.6641693115234
23.6698913574219
23.6843872070313
23.6790466308594
23.6717987060547
23.6817169189453
23.7004089355469
23.7141418457031
23.7191009521484
23.7187194824219
23.7255859375
23.7335968017578
23.7343597412109
23.7149047851563
23.7004089355469
23.7137603759766
23.7488555908203
23.76220703125
23.756103515625
23.7473297119141
23.7515258789063
23.7519073486328
23.7519073486328
23.7358856201172
23.7107086181641
23.7145233154297
23.7580108642578
23.7671661376953
23.7698364257813
23.7824249267578
23.7931060791016
23.7923431396484
23.8003540039063
23.8064575195313
23.8018798828125
23.798828125
23.8209533691406
23.8259124755859
23.81103515625
23.7934875488281
23.7965393066406
23.7675476074219
23.8018798828125
23.7923431396484
23.7896728515625
23.7973022460938
23.8266754150391
23.8426971435547
23.829345703125
23.7938690185547
23.78662109375
23.7931060791016
23.8045501708984
23.8102722167969
23.7973022460938
23.7793731689453
23.7732696533203
23.7675476074219
23.7595367431641
23.7648773193359
23.7808990478516
23.7671661376953
23.7847137451172
23.7953948974609
23.7942504882813
23.7885284423828
23.7904357910156
23.7995910644531
23.78662109375
23.7999725341797
23.8129425048828
23.8198089599609
23.7980651855469
23.7885284423828
23.7892913818359
23.7919616699219
23.7961578369141
23.8007354736328
23.7934875488281
23.78662109375
23.7961578369141
23.8255310058594
23.8449859619141
23.84765625
23.8388824462891
23.8362121582031
23.8194274902344
23.7942504882813
23.7618255615234
23.8053131103516
23.8091278076172
23.8167572021484
23.8037872314453
23.7923431396484
23.7923431396484
23.8339233398438
23.8159942626953
23.8182830810547
23.8179016113281
23.804931640625
23.7870025634766
23.7843322753906
23.7950134277344
23.8167572021484
23.8205718994141
23.8106536865234
23.8022613525391
23.8114166259766
23.8213348388672
23.8194274902344
23.8140869140625
23.8217163085938
23.8114166259766
23.8087463378906
23.804931640625
23.8022613525391
23.8045501708984
23.8030242919922
23.792724609375
23.8053131103516
23.8072204589844
23.8156127929688
23.8213348388672
23.8255310058594
23.8209533691406
23.8251495361328
23.8343048095703
23.8358306884766
23.8209533691406
23.8209533691406
23.8213348388672
23.8076019287109
23.7934875488281
23.81103515625
23.8156127929688
23.8117980957031
23.8186645507813
23.8076019287109
23.8037872314453
23.7938690185547
23.7751770019531
23.7507629394531
23.7347412109375
23.7469482421875
23.7320709228516
23.7564849853516
23.7488555908203
23.7541961669922
23.7458038330078
23.7324523925781
23.7282562255859
23.75
23.7633514404297
23.7480926513672
23.7355041503906
23.7400817871094
23.7442779541016
23.7454223632813
23.7324523925781
23.7095642089844
23.7145233154297
23.7335968017578
23.7309265136719
23.7145233154297
23.7263488769531
23.7522888183594
23.7507629394531
23.7358856201172
23.7423706054688
23.7400817871094
23.7355041503906
23.7370300292969
23.7473297119141
23.7583923339844
23.7355041503906
23.7095642089844
23.7198638916016
23.7297821044922
23.7263488769531
23.7400817871094
23.756103515625
23.7892913818359
23.7992095947266
23.7961578369141
23.7999725341797
23.7908172607422
23.8098907470703
23.8396453857422
23.8751220703125
23.8865661621094
23.9140319824219
23.9052581787109
23.8899993896484
23.8888549804688
23.8884735107422
23.8766479492188
23.8709259033203
23.8678741455078
23.8579559326172
23.8922882080078
23.9128875732422
23.9105987548828
23.8800811767578
23.8652038574219
23.8461303710938
23.8327789306641
23.8724517822266
23.9193725585938
23.902587890625
23.9010620117188
23.9212799072266
23.8861846923828
23.8663482666016
23.8209533691406
23.8201904296875
23.8182830810547
23.8205718994141
23.8335418701172
23.8156127929688
23.8247680664063
23.8243865966797
23.8556671142578
23.8735961914063
23.8404083251953
23.8339233398438
23.8457489013672
23.8388824462891
23.8400268554688
23.8369750976563
23.8472747802734
23.8369750976563
